0 0 0.00141907 0.000976562 -59.9871 -0 -0.854, -0.040, 0.519, -36.504, -1.210, 0.000,0.517, -0.059, -0.854, -20.504, 0.048, 0.998, -0.040, -0.459, 0.855, -0.020, 0.519, -9.719, 0.000, 0.000, 0.000, 1.000,  122 6 15 16 59 18 -256.086 -79.8103 -1637.02 -74.7281 0.966516 -1658.53 -139.32 147.535 -1650.62 
-40 0 0.00210571 0.000488281 -0 -39.9997 0.021, 0.621, 0.783, -0.105, 6.911, 0.000,1.000, -0.012, 0.021, -0.855, -0.003, 0.784, 0.621, -15.225, -0.024, -0.621, 0.783, -27.901, 0.000, 0.000, 0.000, 1.000,  122 6 15 16 59 30 -162.402 -159.486 -1670.18 -140.444 38.7559 -1660.03 -256.15 45.562 -1548.65 
-37 0 0.00210571 0.000488281 -0 -36.9996 0.021, 0.582, 0.813, -0.104, 5.315, 0.000,1.000, -0.011, 0.021, -0.798, -0.003, 0.813, 0.582, -13.494, -0.024, -0.582, 0.813, -26.274, 0.000, 0.000, 0.000, 1.000,  122 6 15 16 59 36 -163.869 -159.439 -1668.3 -141.89 38.8163 -1658.16 -262.872 46.5449 -1552.64 
-34 0 0.00141907 -0 -0 -33.9998 0.022, 0.540, 0.841, -0.124, 3.957, 0.000,1.000, -0.011, 0.022, -0.756, -0.003, 0.841, 0.540, -11.798, -0.024, -0.540, 0.841, -24.520, 0.000, 0.000, 0.000, 1.000,  122 6 15 16 59 42 -165.459 -159.365 -1666.39 -143.467 38.9144 -1656.36 -269.512 47.5475 -1557.04 
-31 0 0.000732422 -0.000488281 -0 -30.9996 0.022, 0.498, 0.867, -0.123, 2.788, 0.000,1.000, -0.010, 0.022, -0.696, -0.003, 0.867, 0.498, -10.228, -0.024, -0.498, 0.867, -22.682, 0.000, 0.000, 0.000, 1.000,  122 6 15 16 59 48 -167.159 -159.278 -1664.64 -145.128 39.0013 -1654.64 -275.943 48.525 -1561.74 
-28 0 0.00210571 -0.000488281 -0 -28.0001 0.022, 0.454, 0.891, -0.124, 1.844, 0.000,1.000, -0.009, 0.022, -0.639, -0.002, 0.891, 0.454, -8.730, -0.024, -0.454, 0.891, -20.761, 0.000, 0.000, 0.000, 1.000,  122 6 15 16 59 54 -168.949 -159.178 -1662.95 -146.872 39.1108 -1652.98 -282.087 49.5032 -1566.74 
-25 0 0.000732422 -0.00146484 -0 -25.0001 0.022, 0.408, 0.913, -0.130, 1.057, 0.000,1.000, -0.008, 0.022, -0.584, -0.002, 0.913, 0.408, -7.320, -0.023, -0.408, 0.913, -18.744, 0.000, 0.000, 0.000, 1.000,  122 6 15 17 0 0 -170.844 -159.048 -1661.32 -148.718 39.2277 -1651.42 -288.063 50.4812 -1572.16 
-22 0 0.00141907 -0.000488281 -0 -21.9998 0.022, 0.361, 0.932, -0.134, 0.427, 0.000,1.000, -0.007, 0.022, -0.532, -0.002, 0.932, 0.361, -6.029, -0.023, -0.361, 0.932, -16.660, 0.000, 0.000, 0.000, 1.000,  122 6 15 17 0 6 -172.807 -158.912 -1659.81 -150.649 39.376 -1649.96 -293.728 51.4437 -1577.87 
-19 0 0.00210571 0.000976562 -0 -18.9999 0.022, 0.313, 0.949, -0.129, -0.046, 0.000,1.000, -0.005, 0.022, -0.469, -0.002, 0.950, 0.313, -4.829, -0.023, -0.313, 0.949, -14.502, 0.000, 0.000, 0.000, 1.000,  122 6 15 17 0 12 -174.863 -158.76 -1658.41 -152.652 39.5179 -1648.57 -299.12 52.3803 -1583.91 
-16 0 0.000732422 -0.000976562 -0 -15.9998 0.022, 0.264, 0.964, -0.132, -0.393, 0.000,1.000, -0.004, 0.022, -0.415, -0.002, 0.965, 0.264, -3.757, -0.023, -0.264, 0.964, -12.289, 0.000, 0.000, 0.000, 1.000,  122 6 15 17 0 18 -176.989 -158.583 -1657.14 -154.714 39.6807 -1647.28 -304.225 53.31 -1590.25 
-13 0 0.000732422 -0 -0 -12.9999 0.022, 0.214, 0.977, -0.130, -0.623, 0.000,1.000, -0.003, 0.022, -0.358, -0.002, 0.977, 0.214, -2.823, -0.022, -0.214, 0.977, -10.032, 0.000, 0.000, 0.000, 1.000,  122 6 15 17 0 24 -179.17 -158.401 -1656 -156.835 39.8576 -1646.13 -308.971 54.2022 -1596.88 
-10 0 0.00210571 -0 -0 -9.99958 0.022, 0.163, 0.986, -0.120, -0.705, 0.000,1.000, -0.002, 0.022, -0.292, -0.002, 0.987, 0.163, -1.982, -0.022, -0.164, 0.986, -7.701, 0.000, 0.000, 0.000, 1.000,  122 6 15 17 0 30 -181.427 -158.203 -1654.93 -159.045 40.0329 -1645.07 -313.422 55.0898 -1603.76 
-7 0 0.00141907 0.000488281 -0 -6.99984 0.022, 0.113, 0.993, -0.121, -0.665, 0.000,1.000, 0.000, 0.022, -0.239, -0.003, 0.994, 0.113, -1.277, -0.022, -0.113, 0.993, -5.370, 0.000, 0.000, 0.000, 1.000,  122 6 15 17 0 36 -183.712 -157.985 -1654.05 -161.248 40.2285 -1644.1 -317.433 55.9212 -1610.73 
-4 0 0.00141907 -0.000976562 -0 -3.99987 0.022, 0.062, 0.998, -0.115, -0.511, 0.000,1.000, 0.001, 0.022, -0.179, -0.003, 0.998, 0.062, -0.695, -0.021, -0.062, 0.998, -2.970, 0.000, 0.000, 0.000, 1.000,  122 6 15 17 0 42 -186.055 -157.754 -1653.25 -163.552 40.431 -1643.28 -321.159 56.733 -1618.07 
-1 0 0.00141907 -0 -0 -0.999792 0.021, 0.010, 1.000, -0.105, -0.213, 0.000,1.000, 0.003, 0.021, -0.116, -0.003, 1.000, 0.010, -0.218, -0.021, -0.010, 1.000, -0.548, 0.000, 0.000, 0.000, 1.000,  122 6 15 17 0 48 -188.432 -157.525 -1652.57 -165.886 40.6453 -1642.55 -324.503 57.5021 -1625.54 
2 0 4.57764e-05 -0 -0 1.99986 0.021, -0.042, 0.999, -0.094, 0.196, 0.000,1.000, 0.004, 0.021, -0.055, -0.003, 0.999, -0.042, 0.117, -0.021, 0.042, 0.999, 1.894, 0.000, 0.000, 0.000, 1.000,  122 6 15 17 0 54 -190.846 -157.274 -1652.01 -168.249 40.863 -1641.97 -327.433 58.2524 -1633.21 
5 0 0.00141907 -0 -0 4.99988 0.020, -0.093, 0.995, -0.088, 0.764, 0.000,1.000, 0.005, 0.020, 0.002, -0.003, 0.996, -0.093, 0.355, -0.021, 0.093, 0.995, 4.356, 0.000, 0.000, 0.000, 1.000,  122 6 15 17 1 0 -193.27 -157.016 -1651.57 -170.655 41.0998 -1641.46 -329.999 58.9416 -1641.01 
8 0 0.000732422 -0 -0 7.99988 0.020, -0.144, 0.989, -0.081, 1.419, 0.000,1.000, 0.007, 0.020, 0.056, -0.004, 0.990, -0.144, 0.426, -0.021, 0.144, 0.989, 6.810, 0.000, 0.000, 0.000, 1.000,  122 6 15 17 1 6 -195.708 -156.75 -1651.3 -173.064 41.3494 -1641.12 -332.127 59.5964 -1648.86 
11 0 0.00210571 -0 -0 10.9999 0.019, -0.195, 0.981, -0.067, 2.227, 0.000,1.000, 0.008, 0.019, 0.117, -0.004, 0.981, -0.195, 0.377, -0.021, 0.195, 0.981, 9.287, 0.000, 0.000, 0.000, 1.000,  122 6 15 17 1 12 -198.177 -156.478 -1651.16 -175.509 41.5997 -1640.88 -333.875 60.2319 -1656.88 
14 0 0.00141907 -0.000488281 -0 13.9999 0.019, -0.246, 0.969, -0.059, 3.209, 0.000,1.000, 0.010, 0.019, 0.171, -0.005, 0.969, -0.246, 0.229, -0.021, 0.245, 0.969, 11.760, 0.000, 0.000, 0.000, 1.000,  122 6 15 17 1 18 -200.64 -156.195 -1651.11 -177.967 41.8647 -1640.76 -335.201 60.7842 -1664.93 
17 0 0.00141907 0.000488281 -0 16.9998 0.018, -0.296, 0.955, -0.045, 4.355, 0.000,1.000, 0.011, 0.018, 0.222, -0.005, 0.955, -0.296, -0.046, -0.020, 0.296, 0.955, 14.217, 0.000, 0.000, 0.000, 1.000,  122 6 15 17 1 25 -203.133 -155.896 -1651.18 -180.387 42.1289 -1640.76 -336.103 61.3548 -1673.13 
20 0 0.00210571 -0.00146484 -0 19.9999 0.017, -0.345, 0.938, -0.022, 5.706, 0.000,1.000, 0.013, 0.017, 0.283, -0.006, 0.939, -0.345, -0.426, -0.020, 0.345, 0.938, 16.671, 0.000, 0.000, 0.000, 1.000,  122 6 15 17 1 31 -205.589 -155.608 -1651.4 -182.861 42.3946 -1640.83 -336.632 61.8282 -1681.33 
23 0 0.00210571 -0 -0 22.9999 0.016, -0.393, 0.919, -0.004, 7.192, 0.000,1.000, 0.014, 0.016, 0.336, -0.006, 0.919, -0.393, -0.977, -0.021, 0.393, 0.919, 19.101, 0.000, 0.000, 0.000, 1.000,  122 6 15 17 1 37 -208.039 -155.315 -1651.78 -185.32 42.6862 -1641.08 -336.698 62.2721 -1689.5 
26 0 0.00210571 -0.000488281 -0 25.9999 0.015, -0.440, 0.898, 0.012, 8.860, 0.000,1.000, 0.015, 0.015, 0.379, -0.007, 0.898, -0.440, -1.678, -0.020, 0.440, 0.898, 21.502, 0.000, 0.000, 0.000, 1.000,  122 6 15 17 1 43 -210.497 -154.998 -1652.27 -187.739 42.9827 -1641.51 -336.323 62.7106 -1697.7 
29 0 0.00210571 -0.000488281 -0 28.9999 0.014, -0.486, 0.874, 0.039, 10.804, 0.000,1.000, 0.017, 0.014, 0.433, -0.008, 0.874, -0.486, -2.486, -0.021, 0.486, 0.874, 23.876, 0.000, 0.000, 0.000, 1.000,  122 6 15 17 1 49 -212.901 -154.695 -1652.92 -190.183 43.2776 -1642.01 -335.588 63.0455 -1705.93 
32 0 0.00141907 0.000488281 -0 31.9996 0.013, -0.531, 0.847, 0.064, 13.044, 0.000,1.000, 0.018, 0.013, 0.475, -0.008, 0.847, -0.531, -3.386, -0.021, 0.531, 0.847, 26.212, 0.000, 0.000, 0.000, 1.000,  122 6 15 17 1 55 -215.298 -154.379 -1653.63 -192.571 43.5829 -1642.64 -334.387 63.3783 -1714.06 
35 0 0.00210571 -0.000488281 -0 35 0.012, -0.575, 0.818, 0.091, 15.549, 0.000,1.000, 0.019, 0.012, 0.522, -0.008, 0.818, -0.575, -4.469, -0.021, 0.574, 0.818, 28.512, 0.000, 0.000, 0.000, 1.000,  122 6 15 17 2 1 -217.653 -154.062 -1654.52 -194.965 43.8906 -1643.46 -332.784 63.6489 -1722.23 
38 0 0.00141907 -0 -0 38 0.011, -0.616, 0.787, 0.140, 18.414, -0.000,1.000, 0.020, 0.011, 0.572, -0.009, 0.787, -0.616, -5.644, -0.021, 0.616, 0.787, 30.736, 0.000, 0.000, 0.000, 1.000,  122 6 15 17 2 7 -219.937 -153.758 -1655.56 -197.296 44.1944 -1644.33 -330.782 63.8309 -1730.19 
40 0 0.00141907 0.000488281 -0 40.0002 0.010, -0.644, 0.765, 0.155, 20.637, 0.000,1.000, 0.021, 0.010, 0.583, -0.009, 0.765, -0.644, -6.472, -0.021, 0.644, 0.765, 32.207, 0.000, 0.000, 0.000, 1.000,  122 6 15 17 2 10 -221.48 -153.528 -1656.25 -198.809 44.4165 -1645 -329.162 63.9906 -1735.61 
37 0 0.00141907 -0.000488281 -0 37.0004 0.011, -0.603, 0.798, 0.123, 17.426, 0.000,1.000, 0.020, 0.011, 0.553, -0.009, 0.798, -0.603, -5.248, -0.021, 0.603, 0.798, 30.010, 0.000, 0.000, 0.000, 1.000,  122 6 15 17 2 12 -219.198 -153.861 -1655.21 -196.526 44.1019 -1644.03 -331.475 63.7877 -1727.58 
34 0 0.000732422 -0.000976562 -0 33.999 0.013, -0.561, 0.828, 0.087, 14.702, -0.000,1.000, 0.019, 0.013, 0.510, -0.008, 0.828, -0.561, -4.087, -0.021, 0.560, 0.828, 27.753, 0.000, 0.000, 0.000, 1.000,  122 6 15 17 2 15 -216.869 -154.17 -1654.22 -194.176 43.7829 -1643.15 -333.38 63.5556 -1719.57 
31 0 0.00210571 0.000488281 -0 31.0005 0.014, -0.516, 0.856, 0.051, 12.237, 0.000,1.000, 0.017, 0.014, 0.457, -0.008, 0.856, -0.516, -3.094, -0.021, 0.516, 0.856, 25.432, 0.000, 0.000, 0.000, 1.000,  122 6 15 17 2 18 -214.504 -154.478 -1653.39 -191.766 43.4832 -1642.45 -334.827 63.2884 -1711.39 
28 0 0.000732422 0.000488281 -0 27.9992 0.015, -0.471, 0.882, 0.026, 10.116, 0.000,1.000, 0.016, 0.015, 0.418, -0.007, 0.882, -0.471, -2.225, -0.021, 0.471, 0.882, 23.103, 0.000, 0.000, 0.000, 1.000,  122 6 15 17 2 21 -212.105 -154.794 -1652.69 -189.402 43.1774 -1641.87 -335.878 62.9475 -1703.24 
25 0 0.00141907 0.000976562 -0 25.0002 0.016, -0.425, 0.905, 0.012, 8.268, 0.000,1.000, 0.015, 0.016, 0.370, -0.007, 0.905, -0.425, -1.456, -0.020, 0.425, 0.905, 20.716, 0.000, 0.000, 0.000, 1.000,  122 6 15 17 2 24 -209.696 -155.105 -1652.12 -186.947 42.8795 -1641.37 -336.506 62.5783 -1695.05 
22 0 0.00210571 -0.000488281 -0 21.9977 0.017, -0.377, 0.926, -0.015, 6.669, 0.000,1.000, 0.013, 0.017, 0.313, -0.006, 0.926, -0.377, -0.782, -0.020, 0.377, 0.926, 18.293, 0.000, 0.000, 0.000, 1.000,  122 6 15 17 2 27 -207.238 -155.408 -1651.62 -184.486 42.5952 -1640.99 -336.709 62.1466 -1686.77 
19 0 0.00141907 -0 -0 19.0003 0.018, -0.329, 0.944, -0.032, 5.223, -0.000,1.000, 0.012, 0.018, 0.263, -0.005, 0.944, -0.329, -0.308, -0.020, 0.329, 0.944, 15.873, 0.000, 0.000, 0.000, 1.000,  122 6 15 17 2 29 -204.783 -155.704 -1651.32 -182.065 42.3109 -1640.82 -336.504 61.6653 -1678.66 
16 0 0.00279236 -0 -0 15.9996 0.018, -0.279, 0.960, -0.050, 3.962, 0.000,1.000, 0.010, 0.018, 0.205, -0.005, 0.960, -0.279, 0.063, -0.020, 0.279, 0.960, 13.399, 0.000, 0.000, 0.000, 1.000,  122 6 15 17 2 32 -202.3 -155.99 -1651.13 -179.582 42.0338 -1640.75 -335.861 61.1756 -1670.44 
13 0 0.000732422 -0 -0 13.0001 0.019, -0.229, 0.973, -0.064, 2.872, 0.000,1.000, 0.009, 0.019, 0.149, -0.005, 0.973, -0.229, 0.299, -0.021, 0.229, 0.973, 10.936, 0.000, 0.000, 0.000, 1.000,  122 6 15 17 2 35 -199.828 -156.281 -1651.11 -177.135 41.7739 -1640.78 -334.797 60.6166 -1662.26 
10 0 0.000732422 0.000488281 -0 10.0004 0.020, -0.179, 0.984, -0.067, 1.923, 0.000,1.000, 0.008, 0.020, 0.102, -0.004, 0.984, -0.179, 0.384, -0.021, 0.179, 0.984, 8.476, 0.000, 0.000, 0.000, 1.000,  122 6 15 17 2 38 -197.37 -156.57 -1651.21 -174.711 41.5116 -1640.98 -333.349 60.0292 -1654.27 
7 0 0.00141907 -0 -0 6.99503 0.020, -0.128, 0.992, -0.078, 1.168, 0.000,1.000, 0.006, 0.020, 0.043, -0.004, 0.992, -0.128, 0.396, -0.021, 0.127, 0.992, 6.000, 0.000, 0.000, 0.000, 1.000,  122 6 15 17 2 41 -194.92 -156.838 -1651.38 -172.254 41.258 -1641.26 -331.45 59.4157 -1646.3 
4 0 0.00141907 -0 -0 3.99961 0.021, -0.076, 0.997, -0.091, 0.543, 0.000,1.000, 0.005, 0.021, -0.019, -0.003, 0.997, -0.076, 0.274, -0.021, 0.076, 0.997, 3.535, 0.000, 0.000, 0.000, 1.000,  122 6 15 17 2 44 -192.468 -157.1 -1651.72 -169.847 41.022 -1641.64 -329.187 58.7279 -1638.38 
1 0 0.00279236 0.000488281 -0 0.999788 0.021, -0.025, 0.999, -0.105, 0.075, 0.000,1.000, 0.004, 0.021, -0.082, -0.003, 1.000, -0.025, 0.049, -0.021, 0.025, 0.999, 1.081, 0.000, 0.000, 0.000, 1.000,  122 6 15 17 2 46 -190.04 -157.347 -1652.17 -167.455 40.7897 -1642.11 -326.501 58.0081 -1630.62 
-2 0 0.000732422 -0 -0 -1.99988 0.021, 0.027, 0.999, -0.116, -0.321, 0.000,1.000, 0.002, 0.021, -0.145, -0.003, 1.000, 0.027, -0.359, -0.021, -0.027, 0.999, -1.373, 0.000, 0.000, 0.000, 1.000,  122 6 15 17 2 49 -187.62 -157.592 -1652.76 -165.088 40.5739 -1642.8 -323.403 57.2574 -1623.02 
-5 0 0.00141907 -0 -0 -4.9999 0.022, 0.079, 0.997, -0.117, -0.567, 0.000,1.000, 0.001, 0.022, -0.199, -0.003, 0.997, 0.079, -0.865, -0.021, -0.079, 0.997, -3.765, 0.000, 0.000, 0.000, 1.000,  122 6 15 17 2 52 -185.282 -157.828 -1653.48 -162.781 40.358 -1643.55 -319.963 56.4727 -1615.57 
-8 0 0.00141907 -0.000488281 -0 -8.00243 0.022, 0.130, 0.991, -0.120, -0.691, 0.000,1.000, -0.000, 0.022, -0.255, -0.002, 0.992, 0.130, -1.495, -0.022, -0.130, 0.991, -6.145, 0.000, 0.000, 0.000, 1.000,  122 6 15 17 2 55 -182.953 -158.052 -1654.33 -160.512 40.1537 -1644.41 -316.155 55.6595 -1608.42 
-11 0 0.00141907 -0 -0 -10.9994 0.022, 0.181, 0.983, -0.123, -0.697, 0.000,1.000, -0.002, 0.022, -0.314, -0.002, 0.984, 0.181, -2.260, -0.022, -0.181, 0.983, -8.497, 0.000, 0.000, 0.000, 1.000,  122 6 15 17 2 58 -180.658 -158.268 -1655.3 -158.288 39.9696 -1645.41 -311.943 54.8037 -1601.38 
-14 0 0.00210571 -0.000976562 -0 -13.9994 0.022, 0.231, 0.973, -0.131, -0.571, 0.000,1.000, -0.003, 0.022, -0.377, -0.002, 0.973, 0.231, -3.131, -0.022, -0.231, 0.973, -10.784, 0.000, 0.000, 0.000, 1.000,  122 6 15 17 3 1 -178.438 -158.458 -1656.37 -156.133 39.7954 -1646.51 -307.444 53.9107 -1594.64 
-17 0 0.00210571 -0 -0 -16.9994 0.022, 0.281, 0.959, -0.134, -0.294, 0.000,1.000, -0.005, 0.022, -0.436, -0.002, 0.960, 0.281, -4.112, -0.023, -0.281, 0.959, -13.045, 0.000, 0.000, 0.000, 1.000,  122 6 15 17 3 3 -176.257 -158.64 -1657.54 -154.013 39.6249 -1647.73 -302.525 53.0027 -1588.08 
-20 0 0.00141907 -0.000976562 -0 -19.9996 0.022, 0.329, 0.944, -0.133, 0.079, -0.000,1.000, -0.006, 0.022, -0.491, -0.002, 0.944, 0.329, -5.226, -0.023, -0.329, 0.944, -15.216, 0.000, 0.000, 0.000, 1.000,  122 6 15 17 3 6 -174.181 -158.806 -1658.86 -151.991 39.47 -1649.03 -297.391 52.0809 -1581.9 
-23 0 0.00141907 0.000488281 -0 -22.9992 0.022, 0.377, 0.926, -0.137, 0.639, 0.000,1.000, -0.007, 0.022, -0.553, -0.002, 0.926, 0.377, -6.431, -0.023, -0.377, 0.926, -17.374, 0.000, 0.000, 0.000, 1.000,  122 6 15 17 3 9 -172.126 -158.955 -1660.28 -149.987 39.3239 -1650.43 -291.867 51.1358 -1575.94 
-26 0 0.00279236 -0 -0 -25.9997 0.022, 0.423, 0.906, -0.134, 1.294, 0.000,1.000, -0.008, 0.022, -0.608, -0.002, 0.906, 0.423, -7.774, -0.023, -0.423, 0.906, -19.415, 0.000, 0.000, 0.000, 1.000,  122 6 15 17 3 12 -170.201 -159.087 -1661.83 -148.113 39.1944 -1651.94 -286.151 50.1713 -1570.37 
-29 0 0.00210571 0.000488281 -0 -28.9992 0.022, 0.469, 0.883, -0.125, 2.134, 0.000,1.000, -0.009, 0.022, -0.656, -0.002, 0.883, 0.469, -9.230, -0.024, -0.469, 0.883, -21.411, 0.000, 0.000, 0.000, 1.000,  122 6 15 17 3 15 -168.338 -159.216 -1663.48 -146.286 39.0728 -1653.57 -280.074 49.1819 -1565.04 
-32 0 0.00141907 -0 -0 -32.0018 0.022, 0.512, 0.859, -0.116, 3.143, 0.000,1.000, -0.010, 0.022, -0.710, -0.003, 0.859, 0.512, -10.739, -0.024, -0.512, 0.859, -23.288, 0.000, 0.000, 0.000, 1.000,  122 6 15 17 3 18 -166.601 -159.312 -1665.22 -144.578 38.9659 -1655.19 -273.867 48.2068 -1560.13 
-35 0 0.00141907 -0 -0 -34.9998 0.022, 0.555, 0.832, -0.118, 4.391, 0.000,1.000, -0.011, 0.022, -0.768, -0.003, 0.832, 0.555, -12.355, -0.024, -0.555, 0.832, -25.113, 0.000, 0.000, 0.000, 1.000,  122 6 15 17 3 21 -164.92 -159.389 -1667.01 -142.933 38.8734 -1656.97 -267.317 47.2021 -1555.5 
-38 0 0.00141907 -0 -0 -37.9996 0.021, 0.595, 0.804, -0.097, 5.756, 0.000,1.000, -0.012, 0.021, -0.808, -0.003, 0.804, 0.595, -14.084, -0.024, -0.595, 0.804, -26.802, 0.000, 0.000, 0.000, 1.000,  122 6 15 17 3 23 -163.394 -159.463 -1668.93 -141.427 38.7921 -1658.8 -260.733 46.2203 -1551.36 
-40 0 0.00210571 -0 -0 -39.9993 0.021, 0.621, 0.783, -0.104, 6.881, 0.000,1.000, -0.013, 0.021, -0.851, -0.003, 0.784, 0.621, -15.244, -0.024, -0.621, 0.783, -27.896, 0.000, 0.000, 0.000, 1.000,  122 6 15 17 3 29 -162.404 -159.491 -1670.19 -140.457 38.7557 -1660.06 -256.179 45.5551 -1548.7 
-37 0 0.00279236 0.000488281 -0 -36.9999 0.021, 0.582, 0.813, -0.103, 5.313, 0.000,1.000, -0.011, 0.021, -0.795, -0.003, 0.813, 0.582, -13.486, -0.024, -0.582, 0.813, -26.269, 0.000, 0.000, 0.000, 1.000,  122 6 15 17 3 35 -163.876 -159.444 -1668.28 -141.893 38.8161 -1658.16 -262.889 46.5398 -1552.66 
-34 0 0.00141907 -0.000976562 -0 -34.0001 0.022, 0.540, 0.841, -0.123, 3.936, 0.000,1.000, -0.011, 0.022, -0.750, -0.002, 0.841, 0.540, -11.815, -0.024, -0.540, 0.841, -24.519, 0.000, 0.000, 0.000, 1.000,  122 6 15 17 3 41 -165.462 -159.369 -1666.38 -143.472 38.9099 -1656.4 -269.535 47.5364 -1557.08 
-31 0 0.00210571 0.000488281 -0 -30.9999 0.022, 0.498, 0.867, -0.121, 2.790, 0.000,1.000, -0.010, 0.022, -0.694, -0.003, 0.867, 0.498, -10.226, -0.024, -0.498, 0.867, -22.674, 0.000, 0.000, 0.000, 1.000,  122 6 15 17 3 47 -167.166 -159.279 -1664.64 -145.135 39.0005 -1654.64 -275.943 48.5242 -1561.72 
-28 0 0.00141907 -0 -0 -27.9998 0.022, 0.454, 0.891, -0.118, 1.842, 0.000,1.000, -0.008, 0.022, -0.634, -0.002, 0.891, 0.454, -8.730, -0.024, -0.454, 0.891, -20.756, 0.000, 0.000, 0.000, 1.000,  122 6 15 17 3 53 -168.955 -159.183 -1662.95 -146.879 39.106 -1652.98 -282.095 49.4981 -1566.73 
-25 0 0.00141907 -0.00146484 -0 -24.9998 0.022, 0.408, 0.913, -0.133, 1.065, 0.000,1.000, -0.008, 0.022, -0.587, -0.002, 0.913, 0.408, -7.309, -0.023, -0.408, 0.913, -18.740, 0.000, 0.000, 0.000, 1.000,  122 6 15 17 4 0 -170.844 -159.045 -1661.3 -148.724 39.2313 -1651.41 -288.071 50.4831 -1572.16 
-22 0 0.00141907 0.000488281 -0 -21.9998 0.022, 0.361, 0.932, -0.134, 0.432, 0.000,1.000, -0.007, 0.022, -0.531, -0.002, 0.932, 0.361, -6.025, -0.023, -0.361, 0.932, -16.662, 0.000, 0.000, 0.000, 1.000,  122 6 15 17 4 6 -172.805 -158.913 -1659.8 -150.646 39.375 -1649.96 -293.732 51.4413 -1577.87 
-19 0 0.00210571 -0 -0 -18.9999 0.022, 0.313, 0.949, -0.131, -0.041, 0.000,1.000, -0.005, 0.022, -0.471, -0.002, 0.950, 0.313, -4.823, -0.023, -0.313, 0.949, -14.500, 0.000, 0.000, 0.000, 1.000,  122 6 15 17 4 12 -174.863 -158.757 -1658.4 -152.654 39.5184 -1648.56 -299.122 52.3735 -1583.9 
-16 0 0.00141907 -0 -0 -15.9998 0.022, 0.264, 0.964, -0.128, -0.380, 0.000,1.000, -0.004, 0.022, -0.412, -0.002, 0.965, 0.264, -3.745, -0.023, -0.264, 0.964, -12.293, 0.000, 0.000, 0.000, 1.000,  122 6 15 17 4 18 -176.983 -158.588 -1657.13 -154.711 39.6775 -1647.26 -304.221 53.3078 -1590.25 
-13 0 0.00141907 0.00146484 -0 -12.9999 0.022, 0.214, 0.977, -0.126, -0.631, 0.000,1.000, -0.003, 0.022, -0.354, -0.002, 0.977, 0.214, -2.831, -0.022, -0.214, 0.977, -10.034, 0.000, 0.000, 0.000, 1.000,  122 6 15 17 4 24 -179.167 -158.403 -1656 -156.837 39.8531 -1646.14 -308.974 54.2015 -1596.9 
-10 0 0.00141907 0.000976562 -0 -9.99982 0.022, 0.164, 0.986, -0.119, -0.697, 0.000,1.000, -0.002, 0.022, -0.290, -0.002, 0.987, 0.164, -1.975, -0.022, -0.164, 0.986, -7.699, 0.000, 0.000, 0.000, 1.000,  122 6 15 17 4 30 -181.425 -158.203 -1654.91 -159.05 40.0301 -1645.08 -313.42 55.0853 -1603.74 
-7 0 0.00210571 0.000976562 -0 -6.99984 0.022, 0.113, 0.993, -0.119, -0.667, 0.000,1.000, 0.000, 0.022, -0.236, -0.002, 0.994, 0.113, -1.278, -0.022, -0.113, 0.993, -5.369, 0.000, 0.000, 0.000, 1.000,  122 6 15 17 4 36 -183.71 -157.984 -1654.04 -161.251 40.2231 -1644.11 -317.434 55.9193 -1610.73 
-4 0 0.00141907 0.000488281 -0 -3.99987 0.021, 0.062, 0.998, -0.116, -0.494, 0.000,1.000, 0.001, 0.021, -0.180, -0.003, 0.998, 0.062, -0.676, -0.021, -0.062, 0.998, -2.964, 0.000, 0.000, 0.000, 1.000,  122 6 15 17 4 42 -186.061 -157.752 -1653.23 -163.554 40.4295 -1643.27 -321.162 56.734 -1618.06 
-1 0 0.00141907 -0 -0 -0.999792 0.021, 0.010, 1.000, -0.105, -0.221, 0.000,1.000, 0.003, 0.021, -0.116, -0.003, 1.000, 0.010, -0.227, -0.021, -0.010, 1.000, -0.547, 0.000, 0.000, 0.000, 1.000,  122 6 15 17 4 48 -188.434 -157.526 -1652.58 -165.888 40.6478 -1642.56 -324.497 57.5042 -1625.51 
2 0 0.00141907 -0.000976562 -0 1.99986 0.021, -0.042, 0.999, -0.095, 0.191, 0.000,1.000, 0.004, 0.021, -0.056, -0.003, 0.999, -0.042, 0.112, -0.021, 0.042, 0.999, 1.893, 0.000, 0.000, 0.000, 1.000,  122 6 15 17 4 54 -190.847 -157.275 -1652.02 -168.246 40.8674 -1641.97 -327.432 58.2509 -1633.2 
5 0 0.000732422 0.000488281 -0 4.99988 0.020, -0.093, 0.995, -0.086, 0.741, 0.000,1.000, 0.005, 0.020, 0.004, -0.003, 0.996, -0.093, 0.333, -0.021, 0.093, 0.995, 4.359, 0.000, 0.000, 0.000, 1.000,  122 6 15 17 5 0 -193.276 -157.017 -1651.59 -170.66 41.099 -1641.49 -330.004 58.9453 -1641 
8 0 0.00141907 -0.000488281 -0 7.99988 0.020, -0.144, 0.989, -0.080, 1.418, 0.000,1.000, 0.007, 0.020, 0.057, -0.004, 0.990, -0.144, 0.425, -0.021, 0.144, 0.989, 6.815, 0.000, 0.000, 0.000, 1.000,  122 6 15 17 5 6 -195.713 -156.751 -1651.3 -173.068 41.3496 -1641.13 -332.129 59.5987 -1648.85 
11 0 0.00210571 0.000488281 -0 10.9999 0.019, -0.195, 0.981, -0.065, 2.226, 0.000,1.000, 0.008, 0.019, 0.119, -0.004, 0.981, -0.195, 0.374, -0.021, 0.195, 0.981, 9.291, 0.000, 0.000, 0.000, 1.000,  122 6 15 17 5 12 -198.18 -156.479 -1651.17 -175.514 41.5987 -1640.89 -333.885 60.2315 -1656.91 
14 0 0.000732422 -0 -0 13.9999 0.019, -0.246, 0.969, -0.060, 3.213, 0.000,1.000, 0.010, 0.019, 0.169, -0.005, 0.969, -0.246, 0.232, -0.021, 0.245, 0.969, 11.766, 0.000, 0.000, 0.000, 1.000,  122 6 15 17 5 18 -200.648 -156.193 -1651.1 -177.971 41.8677 -1640.76 -335.205 60.7881 -1664.93 
17 0 0.00141907 0.000976562 -0 16.9998 0.018, -0.296, 0.955, -0.047, 4.362, 0.000,1.000, 0.011, 0.018, 0.219, -0.005, 0.955, -0.296, -0.042, -0.020, 0.296, 0.955, 14.225, 0.000, 0.000, 0.000, 1.000,  122 6 15 17 5 24 -203.14 -155.89 -1651.17 -180.395 42.129 -1640.76 -336.108 61.3548 -1673.13 
20 0 0.00141907 -0.000488281 -0 20.0002 0.017, -0.345, 0.938, -0.021, 5.679, 0.000,1.000, 0.012, 0.017, 0.284, -0.006, 0.939, -0.345, -0.457, -0.020, 0.345, 0.938, 16.683, 0.000, 0.000, 0.000, 1.000,  122 6 15 17 5 30 -205.606 -155.607 -1651.42 -182.873 42.398 -1640.86 -336.647 61.8295 -1681.36 
23 0 0.00141907 -0.000488281 -0 22.9999 0.016, -0.393, 0.919, -0.005, 7.218, 0.000,1.000, 0.014, 0.016, 0.334, -0.006, 0.919, -0.393, -0.954, -0.021, 0.393, 0.919, 19.109, 0.000, 0.000, 0.000, 1.000,  122 6 15 17 5 36 -208.048 -155.311 -1651.75 -185.322 42.6854 -1641.05 -336.705 62.2783 -1689.47 
26 0 0.000732422 -0.000488281 -0 25.9996 0.015, -0.440, 0.898, 0.009, 8.874, 0.000,1.000, 0.015, 0.015, 0.377, -0.007, 0.898, -0.440, -1.671, -0.020, 0.440, 0.898, 21.513, 0.000, 0.000, 0.000, 1.000,  122 6 15 17 5 42 -210.505 -154.995 -1652.26 -187.751 42.9845 -1641.51 -336.33 62.7168 -1697.71 
29 0 0.00141907 -0 -0 29.0001 0.014, -0.486, 0.874, 0.040, 10.813, 0.000,1.000, 0.017, 0.014, 0.432, -0.008, 0.874, -0.486, -2.479, -0.021, 0.486, 0.874, 23.888, 0.000, 0.000, 0.000, 1.000,  122 6 15 17 5 48 -212.913 -154.693 -1652.92 -190.191 43.2793 -1641.99 -335.592 63.0506 -1705.89 
32 0 0.00141907 -0.000488281 -0 31.9998 0.013, -0.531, 0.847, 0.066, 13.047, 0.000,1.000, 0.018, 0.013, 0.477, -0.008, 0.847, -0.531, -3.386, -0.021, 0.531, 0.847, 26.222, 0.000, 0.000, 0.000, 1.000,  122 6 15 17 5 54 -215.307 -154.379 -1653.64 -192.582 43.5817 -1642.63 -334.393 63.3763 -1714.04 
35 0 0.00210571 0.000488281 -0 34.9998 0.012, -0.575, 0.818, 0.093, 15.557, 0.000,1.000, 0.019, 0.012, 0.523, -0.008, 0.818, -0.575, -4.469, -0.021, 0.574, 0.818, 28.522, 0.000, 0.000, 0.000, 1.000,  122 6 15 17 6 0 -217.663 -154.063 -1654.52 -194.974 43.8916 -1643.46 -332.799 63.6472 -1722.23 
38 0 0.00210571 -0.000488281 -0 38 0.011, -0.616, 0.787, 0.140, 18.423, 0.000,1.000, 0.020, 0.011, 0.571, -0.009, 0.787, -0.616, -5.644, -0.021, 0.616, 0.787, 30.747, 0.000, 0.000, 0.000, 1.000,  122 6 15 17 6 6 -219.948 -153.755 -1655.56 -197.306 44.1958 -1644.32 -330.793 63.838 -1730.19 
40 0 0.00210571 -0.000488281 -0 40 0.010, -0.644, 0.765, 0.162, 20.650, 0.000,1.000, 0.021, 0.010, 0.586, -0.009, 0.765, -0.644, -6.476, -0.021, 0.644, 0.765, 32.221, 0.000, 0.000, 0.000, 1.000,  122 6 15 17 6 9 -221.494 -153.531 -1656.27 -198.823 44.4172 -1644.99 -329.176 63.9887 -1735.61 
37 0 0.00141907 -0 -0 37.0002 0.012, -0.603, 0.798, 0.122, 17.438, 0.000,1.000, 0.020, 0.012, 0.557, -0.009, 0.798, -0.603, -5.243, -0.021, 0.602, 0.798, 30.023, 0.000, 0.000, 0.000, 1.000,  122 6 15 17 6 12 -219.207 -153.861 -1655.19 -196.542 44.0986 -1644.04 -331.497 63.7881 -1727.59 
34 0 0.00141907 -0.000488281 -0 33.9999 0.013, -0.560, 0.828, 0.085, 14.721, 0.000,1.000, 0.019, 0.013, 0.506, -0.008, 0.828, -0.560, -4.080, -0.021, 0.560, 0.828, 27.775, 0.000, 0.000, 0.000, 1.000,  122 6 15 17 6 15 -216.891 -154.165 -1654.22 -194.197 43.7904 -1643.13 -333.387 63.5655 -1719.53 
31 0 0.00279236 0.000488281 -0 31.0008 0.014, -0.516, 0.856, 0.052, 12.235, 0.000,1.000, 0.017, 0.014, 0.456, -0.008, 0.856, -0.516, -3.105, -0.021, 0.516, 0.856, 25.447, 0.000, 0.000, 0.000, 1.000,  122 6 15 17 6 17 -214.521 -154.475 -1653.4 -191.782 43.4867 -1642.45 -334.835 63.2946 -1711.38 
28 0 0.000732422 0.000488281 -0 27.9987 0.015, -0.471, 0.882, 0.026, 10.125, 0.000,1.000, 0.016, 0.015, 0.418, -0.007, 0.882, -0.471, -2.227, -0.021, 0.471, 0.882, 23.118, 0.000, 0.000, 0.000, 1.000,  122 6 15 17 6 20 -212.119 -154.791 -1652.68 -189.417 43.1778 -1641.88 -335.895 62.9461 -1703.26 
25 0 0.00210571 0.00146484 -0 25.0015 0.016, -0.425, 0.905, 0.009, 8.279, 0.000,1.000, 0.015, 0.016, 0.367, -0.007, 0.905, -0.425, -1.450, -0.020, 0.425, 0.905, 20.730, 0.000, 0.000, 0.000, 1.000,  122 6 15 17 6 23 -209.711 -155.101 -1652.11 -186.957 42.885 -1641.36 -336.516 62.5772 -1695.04 
22 0 0.00210571 0.000976562 -0 21.9975 0.017, -0.377, 0.926, -0.017, 6.664, 0.000,1.000, 0.013, 0.017, 0.311, -0.006, 0.926, -0.377, -0.788, -0.020, 0.377, 0.926, 18.302, 0.000, 0.000, 0.000, 1.000,  122 6 15 17 6 26 -207.244 -155.406 -1651.63 -184.498 42.5997 -1640.99 -336.721 62.1455 -1686.75 
19 0 0.00141907 -0 -0 18.9999 0.018, -0.329, 0.944, -0.032, 5.193, 0.000,1.000, 0.012, 0.018, 0.263, -0.006, 0.944, -0.329, -0.339, -0.021, 0.329, 0.944, 15.885, 0.000, 0.000, 0.000, 1.000,  122 6 15 17 6 29 -204.796 -155.703 -1651.36 -182.081 42.3172 -1640.84 -336.516 61.6738 -1678.64 
16 0 0.00141907 -0 -0 16.0009 0.018, -0.279, 0.960, -0.054, 3.965, 0.000,1.000, 0.010, 0.018, 0.201, -0.005, 0.960, -0.279, 0.064, -0.020, 0.279, 0.960, 13.414, 0.000, 0.000, 0.000, 1.000,  122 6 15 17 6 32 -202.316 -155.985 -1651.13 -179.594 42.0398 -1640.74 -335.869 61.1808 -1670.41 
13 0 0.00141907 -0.000488281 -0 12.9993 0.019, -0.229, 0.973, -0.067, 2.873, 0.000,1.000, 0.009, 0.019, 0.146, -0.005, 0.973, -0.229, 0.295, -0.021, 0.229, 0.973, 10.950, 0.000, 0.000, 0.000, 1.000,  122 6 15 17 6 34 -199.842 -156.276 -1651.1 -177.147 41.7789 -1640.79 -334.82 60.6267 -1662.29 
10 0 0.00141907 -0.000488281 -0 9.99974 0.020, -0.179, 0.984, -0.073, 1.941, 0.000,1.000, 0.008, 0.020, 0.096, -0.004, 0.984, -0.179, 0.398, -0.021, 0.179, 0.984, 8.493, 0.000, 0.000, 0.000, 1.000,  122 6 15 17 6 37 -197.384 -156.561 -1651.2 -174.724 41.5179 -1640.96 -333.358 60.0388 -1654.26 
7 0 0.00141907 -0.000976562 -0 7.00069 0.020, -0.127, 0.992, -0.085, 1.154, 0.000,1.000, 0.006, 0.020, 0.036, -0.004, 0.992, -0.127, 0.382, -0.021, 0.127, 0.992, 6.012, 0.000, 0.000, 0.000, 1.000,  122 6 15 17 6 40 -194.931 -156.829 -1651.4 -172.268 41.2676 -1641.26 -331.46 59.4184 -1646.27 
4 0 0.000732422 -0.000488281 -0 4.00071 0.021, -0.076, 0.997, -0.095, 0.528, 0.000,1.000, 0.005, 0.021, -0.021, -0.003, 0.997, -0.076, 0.258, -0.021, 0.076, 0.997, 3.551, 0.000, 0.000, 0.000, 1.000,  122 6 15 17 6 43 -192.483 -157.092 -1651.73 -169.866 41.0258 -1641.65 -329.196 58.7274 -1638.37 
1 0 0.00141907 0.000488281 -0 0.999788 0.021, -0.025, 0.999, -0.108, 0.049, 0.000,1.000, 0.004, 0.021, -0.085, -0.003, 1.000, -0.025, 0.022, -0.021, 0.025, 0.999, 1.101, 0.000, 0.000, 0.000, 1.000,  122 6 15 17 6 46 -190.061 -157.342 -1652.2 -167.478 40.798 -1642.13 -326.523 58.0175 -1630.65 
-2 0 0.00141907 -0 -0 -1.99966 0.021, 0.028, 0.999, -0.117, -0.313, 0.000,1.000, 0.002, 0.021, -0.146, -0.003, 1.000, 0.028, -0.350, -0.021, -0.028, 0.999, -1.361, 0.000, 0.000, 0.000, 1.000,  122 6 15 17 6 49 -187.63 -157.588 -1652.75 -165.099 40.5737 -1642.79 -323.41 57.2596 -1622.98 
-5 0 0.00141907 -0 -0 -5.00012 0.022, 0.079, 0.997, -0.122, -0.589, 0.000,1.000, 0.001, 0.022, -0.203, -0.003, 0.997, 0.079, -0.887, -0.021, -0.079, 0.997, -3.755, 0.000, 0.000, 0.000, 1.000,  122 6 15 17 6 51 -185.292 -157.817 -1653.51 -162.794 40.3618 -1643.56 -319.973 56.4773 -1615.57 
-8 0 0.00141907 0.000488281 -0 -7.99963 0.022, 0.130, 0.991, -0.125, -0.682, 0.000,1.000, -0.000, 0.022, -0.260, -0.002, 0.992, 0.130, -1.484, -0.022, -0.130, 0.991, -6.132, 0.000, 0.000, 0.000, 1.000,  122 6 15 17 6 54 -182.965 -158.044 -1654.31 -160.523 40.1569 -1644.4 -316.164 55.662 -1608.42 
-11 0 0.00141907 -0 -0 -10.9986 0.022, 0.181, 0.983, -0.126, -0.714, 0.000,1.000, -0.002, 0.022, -0.317, -0.002, 0.984, 0.181, -2.275, -0.022, -0.181, 0.983, -8.481, 0.000, 0.000, 0.000, 1.000,  122 6 15 17 6 57 -180.672 -158.261 -1655.31 -158.306 39.9737 -1645.43 -311.962 54.8067 -1601.39 
-14 0 0.00279236 0.000976562 -0 -14.0001 0.022, 0.231, 0.973, -0.137, -0.563, 0.000,1.000, -0.003, 0.022, -0.383, -0.002, 0.973, 0.231, -3.118, -0.022, -0.231, 0.973, -10.767, 0.000, 0.000, 0.000, 1.000,  122 6 15 17 7 0 -178.453 -158.448 -1656.35 -156.149 39.7996 -1646.5 -307.464 53.9147 -1594.63 
-17 0 0.00210571 -0 -0 -16.9999 0.022, 0.281, 0.960, -0.135, -0.317, 0.000,1.000, -0.005, 0.022, -0.437, -0.002, 0.960, 0.281, -4.128, -0.023, -0.281, 0.960, -13.027, 0.000, 0.000, 0.000, 1.000,  122 6 15 17 7 3 -176.279 -158.635 -1657.56 -154.031 39.6284 -1647.73 -302.549 53.0107 -1588.1 
-20 0 0.00210571 0.000488281 -0 -19.9999 0.022, 0.329, 0.944, -0.134, 0.073, -0.000,1.000, -0.006, 0.022, -0.493, -0.002, 0.944, 0.329, -5.224, -0.023, -0.329, 0.944, -15.203, 0.000, 0.000, 0.000, 1.000,  122 6 15 17 7 6 -174.193 -158.802 -1658.88 -152.003 39.4729 -1649.02 -297.404 52.0829 -1581.91 
-23 0 0.000732422 0.000488281 -0 -22.9989 0.022, 0.377, 0.926, -0.137, 0.632, 0.000,1.000, -0.007, 0.022, -0.553, -0.002, 0.926, 0.377, -6.433, -0.023, -0.377, 0.926, -17.361, 0.000, 0.000, 0.000, 1.000,  122 6 15 17 7 8 -172.138 -158.951 -1660.28 -150.002 39.3244 -1650.43 -291.88 51.1359 -1575.94 
-26 0 0.00141907 -0 -0 -26 0.022, 0.423, 0.906, -0.141, 1.295, 0.000,1.000, -0.008, 0.022, -0.613, -0.002, 0.906, 0.423, -7.770, -0.023, -0.423, 0.906, -19.404, 0.000, 0.000, 0.000, 1.000,  122 6 15 17 7 11 -170.211 -159.077 -1661.81 -148.123 39.1976 -1651.95 -286.152 50.1769 -1570.35 
-29 0 0.00141907 0.000488281 -0 -29.0016 0.022, 0.469, 0.883, -0.128, 2.122, 0.000,1.000, -0.009, 0.022, -0.658, -0.002, 0.883, 0.469, -9.230, -0.024, -0.468, 0.883, -21.397, 0.000, 0.000, 0.000, 1.000,  122 6 15 17 7 14 -168.353 -159.211 -1663.48 -146.298 39.0748 -1653.57 -280.087 49.1833 -1565.07 
-32 0 0.00141907 -0.000488281 -0 -32.0008 0.022, 0.512, 0.859, -0.120, 3.138, 0.000,1.000, -0.010, 0.022, -0.714, -0.003, 0.859, 0.512, -10.727, -0.024, -0.512, 0.859, -23.272, 0.000, 0.000, 0.000, 1.000,  122 6 15 17 7 17 -166.614 -159.308 -1665.21 -144.594 38.9716 -1655.17 -273.891 48.2124 -1560.15 
-35 0 0.00210571 -0.000488281 -0 -34.9988 0.022, 0.555, 0.832, -0.121, 4.391, 0.000,1.000, -0.011, 0.022, -0.771, -0.003, 0.832, 0.555, -12.348, -0.024, -0.555, 0.832, -25.101, 0.000, 0.000, 0.000, 1.000,  122 6 15 17 7 20 -164.933 -159.383 -1667.01 -142.942 38.8773 -1656.95 -267.322 47.2061 -1555.48 
-38 0 0.00141907 -0 -0 -37.9993 0.021, 0.595, 0.804, -0.102, 5.766, 0.000,1.000, -0.012, 0.021, -0.813, -0.003, 0.804, 0.595, -14.059, -0.024, -0.595, 0.804, -26.788, 0.000, 0.000, 0.000, 1.000,  122 6 15 17 7 23 -163.405 -159.456 -1668.91 -141.437 38.7954 -1658.78 -260.752 46.2263 -1551.35 
-40 0 0.000732422 -0.000488281 -0 -39.9997 0.021, 0.621, 0.783, -0.101, 6.870, 0.000,1.000, -0.012, 0.021, -0.851, -0.003, 0.784, 0.621, -15.246, -0.024, -0.621, 0.783, -27.880, 0.000, 0.000, 0.000, 1.000,  122 6 15 17 7 29 -162.423 -159.491 -1670.21 -140.469 38.7611 -1660.04 -256.186 45.5589 -1548.67 
-37 0 0.00210571 -0.000488281 -0 -37.0003 0.022, 0.582, 0.813, -0.103, 5.303, -0.000,1.000, -0.011, 0.022, -0.797, -0.003, 0.813, 0.582, -13.486, -0.024, -0.582, 0.813, -26.254, 0.000, 0.000, 0.000, 1.000,  122 6 15 17 7 35 -163.889 -159.438 -1668.29 -141.908 38.8176 -1658.15 -262.898 46.538 -1552.65 
-34 0 0.00141907 0.000488281 -0 -33.9998 0.022, 0.540, 0.841, -0.119, 3.921, 0.000,1.000, -0.011, 0.022, -0.748, -0.003, 0.841, 0.540, -11.821, -0.024, -0.540, 0.841, -24.505, 0.000, 0.000, 0.000, 1.000,  122 6 15 17 7 41 -165.477 -159.37 -1666.4 -143.486 38.9104 -1656.39 -269.547 47.5397 -1557.08 
-31 0 0.00141907 0.000488281 -0 -30.9999 0.022, 0.498, 0.867, -0.123, 2.781, 0.000,1.000, -0.010, 0.022, -0.695, -0.003, 0.867, 0.498, -10.231, -0.024, -0.498, 0.867, -22.665, 0.000, 0.000, 0.000, 1.000,  122 6 15 17 7 47 -167.177 -159.275 -1664.64 -145.143 39.0014 -1654.65 -275.952 48.5232 -1561.72 
-28 0 0.000732422 -0 -0 -27.9998 0.022, 0.454, 0.891, -0.120, 1.842, 0.000,1.000, -0.008, 0.022, -0.635, -0.002, 0.891, 0.454, -8.722, -0.024, -0.454, 0.891, -20.747, 0.000, 0.000, 0.000, 1.000,  122 6 15 17 7 53 -168.962 -159.18 -1662.94 -146.887 39.108 -1652.97 -282.107 49.5015 -1566.74 
-25 0 0.00141907 0.000488281 -0 -24.9998 0.022, 0.408, 0.913, -0.136, 1.065, 0.000,1.000, -0.008, 0.022, -0.590, -0.002, 0.913, 0.408, -7.301, -0.023, -0.408, 0.913, -18.727, 0.000, 0.000, 0.000, 1.000,  122 6 15 17 7 59 -170.856 -159.039 -1661.3 -148.736 39.234 -1651.4 -288.088 50.4863 -1572.16 
-22 0 0.00210571 -0.000488281 -0 -21.9998 0.022, 0.361, 0.932, -0.135, 0.425, 0.000,1.000, -0.007, 0.022, -0.531, -0.002, 0.932, 0.361, -6.027, -0.023, -0.361, 0.932, -16.650, 0.000, 0.000, 0.000, 1.000,  122 6 15 17 8 5 -172.816 -158.908 -1659.8 -150.661 39.3748 -1649.97 -293.743 51.4442 -1577.87 
-19 0 0.00141907 -0.000488281 -0 -18.9999 0.022, 0.313, 0.949, -0.133, -0.025, 0.000,1.000, -0.005, 0.022, -0.473, -0.002, 0.950, 0.313, -4.802, -0.023, -0.313, 0.949, -14.490, 0.000, 0.000, 0.000, 1.000,  122 6 15 17 8 11 -174.873 -158.755 -1658.38 -152.661 39.5214 -1648.53 -299.133 52.3795 -1583.9 
-16 0 0.00141907 -0.000488281 -0 -15.9998 0.022, 0.264, 0.964, -0.131, -0.395, 0.000,1.000, -0.004, 0.022, -0.415, -0.002, 0.965, 0.264, -3.756, -0.023, -0.264, 0.964, -12.280, 0.000, 0.000, 0.000, 1.000,  122 6 15 17 8 17 -176.996 -158.584 -1657.14 -154.725 39.6838 -1647.27 -304.235 53.3135 -1590.25 
-13 0 0.00141907 -0.000488281 -0 -12.9999 0.022, 0.214, 0.977, -0.129, -0.626, 0.000,1.000, -0.003, 0.022, -0.356, -0.002, 0.977, 0.214, -2.823, -0.022, -0.214, 0.977, -10.016, 0.000, 0.000, 0.000, 1.000,  122 6 15 17 8 23 -179.185 -158.402 -1655.99 -156.852 39.8607 -1646.13 -308.981 54.2069 -1596.88 
-10 0 0.00210571 -0.000488281 -0 -9.99982 0.022, 0.164, 0.986, -0.123, -0.699, 0.000,1.000, -0.001, 0.022, -0.295, -0.002, 0.987, 0.164, -1.974, -0.022, -0.164, 0.986, -7.687, 0.000, 0.000, 0.000, 1.000,  122 6 15 17 8 29 -181.44 -158.198 -1654.93 -159.058 40.037 -1645.06 -313.432 55.097 -1603.73 
-7 0 0.00141907 0.000488281 -0 -6.99984 0.022, 0.113, 0.993, -0.122, -0.665, 0.000,1.000, 0.000, 0.022, -0.239, -0.003, 0.994, 0.113, -1.275, -0.022, -0.113, 0.993, -5.352, 0.000, 0.000, 0.000, 1.000,  122 6 15 17 8 35 -183.729 -157.982 -1654.04 -161.265 40.231 -1644.1 -317.449 55.9258 -1610.71 
-4 0 0.000732422 -0.000488281 -0 -3.99987 0.021, 0.062, 0.998, -0.116, -0.502, 0.000,1.000, 0.001, 0.021, -0.180, -0.003, 0.998, 0.062, -0.685, -0.021, -0.062, 0.998, -2.952, 0.000, 0.000, 0.000, 1.000,  122 6 15 17 8 41 -186.074 -157.751 -1653.23 -163.567 40.433 -1643.28 -321.173 56.7333 -1618.04 
-1 0 0.00141907 0.000488281 -0 -0.999792 0.021, 0.010, 1.000, -0.104, -0.215, 0.000,1.000, 0.003, 0.021, -0.116, -0.003, 1.000, 0.010, -0.220, -0.021, -0.010, 1.000, -0.533, 0.000, 0.000, 0.000, 1.000,  122 6 15 17 8 47 -188.448 -157.527 -1652.57 -165.901 40.6503 -1642.55 -324.517 57.5049 -1625.52 
2 0 0.00141907 -0.000488281 -0 1.99986 0.021, -0.042, 0.999, -0.095, 0.223, 0.000,1.000, 0.004, 0.021, -0.056, -0.003, 0.999, -0.042, 0.143, -0.021, 0.042, 0.999, 1.909, 0.000, 0.000, 0.000, 1.000,  122 6 15 17 8 53 -190.859 -157.275 -1651.99 -168.26 40.8671 -1641.94 -327.447 58.2482 -1633.2 
5 0 0.00141907 -0.000488281 -0 4.99988 0.020, -0.093, 0.995, -0.083, 0.757, 0.000,1.000, 0.005, 0.020, 0.007, -0.003, 0.996, -0.093, 0.347, -0.021, 0.093, 0.995, 4.372, 0.000, 0.000, 0.000, 1.000,  122 6 15 17 8 59 -193.29 -157.022 -1651.59 -170.671 41.1004 -1641.47 -330.02 58.9411 -1641 
8 0 0.00210571 -0.000488281 -0 7.99967 0.020, -0.144, 0.989, -0.077, 1.418, 0.000,1.000, 0.007, 0.020, 0.061, -0.004, 0.990, -0.144, 0.423, -0.021, 0.144, 0.989, 6.827, 0.000, 0.000, 0.000, 1.000,  122 6 15 17 9 5 -195.726 -156.755 -1651.31 -173.079 41.3502 -1641.12 -332.139 59.5993 -1648.84 
11 0 0.000732422 0.000488281 -0 10.9999 0.019, -0.195, 0.981, -0.060, 2.219, 0.000,1.000, 0.008, 0.019, 0.124, -0.004, 0.981, -0.195, 0.366, -0.021, 0.195, 0.981, 9.300, 0.000, 0.000, 0.000, 1.000,  122 6 15 17 9 11 -198.192 -156.487 -1651.17 -175.523 41.5988 -1640.9 -333.887 60.2248 -1656.9 
14 0 0.00141907 0.000488281 -0 13.9999 0.019, -0.246, 0.969, -0.059, 3.223, 0.000,1.000, 0.010, 0.019, 0.170, -0.005, 0.969, -0.246, 0.237, -0.021, 0.246, 0.969, 11.774, 0.000, 0.000, 0.000, 1.000,  122 6 15 17 9 17 -200.656 -156.193 -1651.1 -177.978 41.867 -1640.75 -335.216 60.7854 -1664.96 
17 0 0.00141907 0.000488281 -0 16.9998 0.018, -0.296, 0.955, -0.044, 4.365, 0.000,1.000, 0.011, 0.018, 0.223, -0.005, 0.955, -0.296, -0.042, -0.020, 0.296, 0.955, 14.230, 0.000, 0.000, 0.000, 1.000,  122 6 15 17 9 23 -203.145 -155.896 -1651.17 -180.401 42.1297 -1640.76 -336.116 61.3508 -1673.13 
20 0 0.00141907 -0.000488281 -0 19.9999 0.017, -0.345, 0.938, -0.021, 5.704, 0.000,1.000, 0.013, 0.017, 0.284, -0.006, 0.939, -0.345, -0.434, -0.020, 0.345, 0.938, 16.686, 0.000, 0.000, 0.000, 1.000,  122 6 15 17 9 29 -205.608 -155.608 -1651.41 -182.872 42.3981 -1640.83 -336.639 61.8297 -1681.34 
23 0 0.00141907 0.000488281 -0 22.9997 0.016, -0.393, 0.919, -0.002, 7.209, 0.000,1.000, 0.014, 0.016, 0.336, -0.007, 0.919, -0.393, -0.970, -0.021, 0.393, 0.919, 19.120, 0.000, 0.000, 0.000, 1.000,  122 6 15 17 9 35 -208.064 -155.313 -1651.78 -185.332 42.6877 -1641.05 -336.716 62.2789 -1689.49 
26 0 4.57764e-05 -0 -0 25.9999 0.015, -0.440, 0.898, 0.009, 8.884, 0.000,1.000, 0.015, 0.015, 0.377, -0.007, 0.898, -0.440, -1.664, -0.020, 0.440, 0.898, 21.521, 0.000, 0.000, 0.000, 1.000,  122 6 15 17 9 41 -210.515 -154.996 -1652.24 -187.756 42.9873 -1641.51 -336.339 62.7155 -1697.71 
29 0 0.00210571 -0 -0 28.9999 0.014, -0.486, 0.874, 0.038, 10.811, 0.000,1.000, 0.017, 0.014, 0.432, -0.007, 0.874, -0.486, -2.484, -0.021, 0.486, 0.874, 23.894, 0.000, 0.000, 0.000, 1.000,  122 6 15 17 9 47 -212.922 -154.693 -1652.91 -190.197 43.2824 -1642.02 -335.598 63.0515 -1705.9 
32 0 0.00141907 -0 -0 31.9998 0.013, -0.531, 0.847, 0.069, 13.034, 0.000,1.000, 0.018, 0.013, 0.478, -0.008, 0.847, -0.531, -3.400, -0.021, 0.531, 0.847, 26.227, 0.000, 0.000, 0.000, 1.000,  122 6 15 17 9 53 -215.318 -154.381 -1653.65 -192.583 43.585 -1642.64 -334.406 63.3793 -1714.05 
35 0 0.00210571 -0.000488281 -0 35 0.012, -0.575, 0.818, 0.098, 15.557, 0.000,1.000, 0.019, 0.012, 0.525, -0.008, 0.818, -0.575, -4.474, -0.021, 0.574, 0.818, 28.530, 0.000, 0.000, 0.000, 1.000,  122 6 15 17 9 59 -217.678 -154.065 -1654.53 -194.976 43.8919 -1643.46 -332.797 63.6584 -1722.22 
