0 82.3188 0.00210571 -39.9956 -0 -0 -0.000, 0.001, 1.000, 0.532, -39.923, 0.000,1.000, -0.000, -0.000, 0.532, 0.000, 1.000, 0.001, -39.922, 0.000, -0.001, 1.000, 0.808, 0.000, 0.000, 0.000, 1.000,  122 6 11 18 12 48 -193.821 -154.14 -1698.53 -172.658 43.5737 -1685.88 -330.669 59.611 -1664.34 
-60 82.3188 0.00210571 -0.000488281 -59.9994 -0.000223007 -0.868, -0.020, 0.496, -36.953, -0.637, 0.000,0.496, -0.023, -0.868, -19.049, 0.013, 1.000, -0.020, -0.232, 0.868, -0.001, 0.496, -10.224, 0.000, 0.000, 0.000, 1.000,  122 6 11 18 12 57 -255.675 -80.7002 -1643.5 -74.8505 0.730642 -1662.85 -138.456 146.886 -1646.5 
-56 82.3188 0.00141907 -0 -55.9986 -0 -0.832, -0.018, 0.555, -31.502, -0.414, 0.000,0.555, -0.022, -0.832, -18.173, 0.013, 1.000, -0.018, -0.123, 0.832, -0.000, 0.555, -8.895, 0.000, 0.000, 0.000, 1.000,  122 6 11 18 13 3 -254.093 -87.6559 -1644.16 -79.2111 6.18756 -1661.74 -152.773 147.459 -1644.26 
-52 82.3188 0.00210571 0.000488281 -51.9996 -0 -0.791, -0.016, 0.612, -27.187, -0.331, 0.000,0.612, -0.020, -0.791, -17.238, 0.012, 1.000, -0.016, -0.126, 0.791, 0.000, 0.612, -7.699, 0.000, 0.000, 0.000, 1.000,  122 6 11 18 13 9 -251.955 -94.4866 -1645 -83.9084 11.3955 -1660.7 -167.139 147.048 -1642.12 
-48 82.3188 0.00210571 0.000488281 -47.9988 0.000223007 -0.746, -0.015, 0.666, -23.594, -0.199, 0.000,0.666, -0.019, -0.746, -16.229, 0.012, 1.000, -0.015, -0.050, 0.746, 0.001, 0.666, -6.572, 0.000, 0.000, 0.000, 1.000,  122 6 11 18 13 15 -249.339 -101.134 -1645.8 -88.9417 16.2468 -1659.58 -181.411 145.647 -1640.11 
-44 82.3188 0.00141907 -0 -43.9998 -0 -0.698, -0.013, 0.716, -20.544, -0.137, 0.000,0.716, -0.018, -0.698, -15.188, 0.012, 1.000, -0.013, -0.036, 0.698, 0.001, 0.716, -5.495, 0.000, 0.000, 0.000, 1.000,  122 6 11 18 13 21 -246.312 -107.501 -1646.68 -94.3118 20.7541 -1658.52 -195.528 143.291 -1638.14 
-40 82.3188 0.00141907 0.000488281 -39.999 -0 -0.646, -0.012, 0.763, -17.872, -0.079, 0.000,0.763, -0.016, -0.646, -14.051, 0.011, 1.000, -0.012, -0.008, 0.647, 0.002, 0.763, -4.510, 0.000, 0.000, 0.000, 1.000,  122 6 11 18 13 27 -242.849 -113.654 -1647.68 -99.9522 24.8367 -1657.34 -209.422 139.931 -1636.29 
-36 82.3188 0.00141907 0.000488281 -36 0.000223007 -0.592, -0.011, 0.806, -15.495, -0.005, -0.000,0.806, -0.015, -0.592, -12.841, 0.010, 1.000, -0.011, 0.043, 0.592, 0.003, 0.806, -3.616, 0.000, 0.000, 0.000, 1.000,  122 6 11 18 13 33 -238.925 -119.579 -1648.65 -105.883 28.5276 -1656.18 -223.12 135.582 -1634.58 
-32 82.3188 0.00141907 0.000976562 -31.9992 -0 -0.534, -0.009, 0.846, -13.350, 0.051, 0.000,0.845, -0.013, -0.534, -11.577, 0.010, 1.000, -0.009, 0.080, 0.534, 0.002, 0.846, -2.808, 0.000, 0.000, 0.000, 1.000,  122 6 11 18 13 39 -234.599 -125.195 -1649.64 -112.062 31.7858 -1655.07 -236.496 130.255 -1632.91 
-28 82.3188 0.00141907 -0 -27.9984 -0 -0.473, -0.008, 0.881, -11.361, 0.058, 0.000,0.881, -0.012, -0.473, -10.236, 0.009, 1.000, -0.008, 0.076, 0.473, 0.003, 0.881, -2.093, 0.000, 0.000, 0.000, 1.000,  122 6 11 18 13 45 -229.881 -130.527 -1650.75 -118.474 34.5939 -1653.95 -249.51 124.019 -1631.48 
-24 82.3188 0.00141907 0.000488281 -23.9994 -0 -0.411, -0.007, 0.912, -9.530, 0.095, 0.000,0.912, -0.010, -0.411, -8.858, 0.008, 1.000, -0.007, 0.106, 0.411, 0.003, 0.912, -1.491, 0.000, 0.000, 0.000, 1.000,  122 6 11 18 13 51 -224.798 -135.5 -1651.88 -125.03 36.945 -1652.77 -262.031 116.89 -1630.08 
-20 82.3188 0.000732422 0.000488281 -19.9986 -0 -0.346, -0.006, 0.938, -7.794, 0.107, 0.000,0.938, -0.008, -0.346, -7.441, 0.006, 1.000, -0.006, 0.113, 0.346, 0.003, 0.938, -0.955, 0.000, 0.000, 0.000, 1.000,  122 6 11 18 13 57 -219.428 -140.085 -1653.06 -131.757 38.8208 -1651.61 -274.058 108.905 -1628.89 
-16 82.3188 0.00141907 -0 -15.9996 -0 -0.279, -0.004, 0.960, -6.146, 0.134, 0.000,0.960, -0.007, -0.279, -5.986, 0.006, 1.000, -0.004, 0.136, 0.279, 0.002, 0.960, -0.548, 0.000, 0.000, 0.000, 1.000,  122 6 11 18 14 3 -213.656 -144.297 -1654.16 -138.634 40.2201 -1650.55 -285.538 100.028 -1627.71 
-12 82.3188 0.00141907 -0.000488281 -11.9988 -0 -0.211, -0.003, 0.977, -4.559, 0.108, 0.000,0.977, -0.005, -0.211, -4.505, 0.004, 1.000, -0.003, 0.109, 0.211, 0.002, 0.977, -0.249, 0.000, 0.000, 0.000, 1.000,  122 6 11 18 14 9 -207.631 -148.09 -1655.43 -145.571 41.1352 -1649.44 -296.366 90.4061 -1626.78 
-8 82.3188 0.00210571 0.000488281 -7.9998 -0 -0.142, -0.002, 0.990, -3.007, 0.102, 0.000,0.990, -0.003, -0.142, -3.001, 0.003, 1.000, -0.002, 0.102, 0.142, 0.001, 0.990, -0.039, 0.000, 0.000, 0.000, 1.000,  122 6 11 18 14 15 -201.344 -151.451 -1656.64 -152.592 41.5546 -1648.38 -306.54 80.0107 -1626.01 
-4 82.3188 0.00141907 0.000488281 -3.99902 -0 -0.073, -0.001, 0.997, -1.497, 0.117, 0.000,0.997, -0.002, -0.073, -1.502, 0.002, 1.000, -0.001, 0.117, 0.073, 0.001, 0.997, 0.067, 0.000, 0.000, 0.000, 1.000,  122 6 11 18 14 21 -194.895 -154.33 -1657.76 -159.565 41.4748 -1647.39 -315.911 69.0183 -1625.4 
0 82.3188 0.00210571 -0 -0 -0 -0.003, -0.000, 1.000, 0.018, 0.099, 0.000,1.000, -0.000, -0.003, 0.018, 0.000, 1.000, -0.000, 0.099, 0.003, 0.000, 1.000, 0.056, 0.000, 0.000, 0.000, 1.000,  122 6 11 18 14 27 -188.204 -156.767 -1659 -166.562 40.8979 -1646.39 -324.529 57.3222 -1624.91 
4 82.3188 0.00279236 -0 3.99902 -0 0.067, 0.001, 0.998, 1.544, 0.068, 0.000,0.998, 0.001, 0.067, 1.541, -0.002, 1.000, 0.001, 0.068, -0.067, -0.001, 0.998, -0.050, 0.000, 0.000, 0.000, 1.000,  122 6 11 18 14 33 -181.378 -158.73 -1660.23 -173.508 39.8218 -1645.44 -332.328 45.0821 -1624.61 
8 82.3188 0.00210571 -0 7.9998 -0 0.137, 0.002, 0.991, 3.072, 0.059, 0.000,0.991, 0.002, 0.137, 3.035, -0.003, 1.000, 0.002, 0.058, -0.137, -0.002, 0.991, -0.273, 0.000, 0.000, 0.000, 1.000,  122 6 11 18 14 39 -174.412 -160.183 -1661.37 -180.354 38.269 -1644.58 -339.266 32.3157 -1624.46 
12 82.3188 0.00210571 -0.000488281 11.9988 -0 0.206, 0.002, 0.979, 4.650, 0.041, 0.000,0.979, 0.004, 0.206, 4.528, -0.004, 1.000, 0.002, 0.040, -0.206, -0.003, 0.979, -0.579, 0.000, 0.000, 0.000, 1.000,  122 6 11 18 14 45 -167.401 -161.165 -1662.52 -187.083 36.2299 -1643.73 -345.307 19.1216 -1624.51 
16 82.3188 0.00141907 0.000488281 15.9996 -0 0.274, 0.002, 0.962, 6.285, 0.008, 0.000,0.962, 0.005, 0.274, 6.001, -0.006, 1.000, 0.002, 0.005, -0.274, -0.004, 0.962, -0.995, 0.000, 0.000, 0.000, 1.000,  122 6 11 18 14 51 -160.336 -161.65 -1663.68 -193.65 33.7168 -1642.94 -350.401 5.55782 -1624.69 
20 82.3188 0.00141907 0.000488281 19.9986 -0 0.341, 0.003, 0.940, 7.979, -0.002, 0.000,0.940, 0.006, 0.341, 7.421, -0.008, 1.000, 0.003, -0.007, -0.341, -0.005, 0.940, -1.537, 0.000, 0.000, 0.000, 1.000,  122 6 11 18 14 57 -153.133 -161.6 -1664.78 -200.087 30.7457 -1642.19 -354.571 -8.47181 -1625.02 
24 82.3188 0.00210571 0.000488281 23.9994 -0 0.406, 0.003, 0.914, 9.773, 0.014, 0.000,0.914, 0.007, 0.406, 8.809, -0.009, 1.000, 0.003, 0.006, -0.406, -0.007, 0.914, -2.169, 0.000, 0.000, 0.000, 1.000,  122 6 11 18 15 3 -146.015 -161.063 -1665.77 -206.251 27.3293 -1641.52 -357.74 -22.6549 -1625.48 
28 82.3188 0.00210571 -0 27.9984 -0 0.469, 0.004, 0.883, 11.695, -0.052, 0.000,0.883, 0.008, 0.469, 10.162, -0.011, 1.000, 0.004, -0.064, -0.469, -0.008, 0.883, -2.885, 0.000, 0.000, 0.000, 1.000,  122 6 11 18 15 9 -138.949 -160.034 -1666.82 -212.209 23.487 -1640.98 -359.931 -37.0401 -1626.18 
32 82.3188 0.00210571 -0 31.9992 -0 0.530, 0.004, 0.848, 13.739, -0.046, 0.000,0.848, 0.009, 0.530, 11.440, -0.013, 1.000, 0.004, -0.062, -0.529, -0.010, 0.848, -3.682, 0.000, 0.000, 0.000, 1.000,  122 6 11 18 15 16 -132.017 -158.506 -1667.77 -217.84 19.2679 -1640.4 -361.123 -51.4348 -1626.99 
36 82.3188 0.00141907 -0 36 -0 0.588, 0.004, 0.809, 15.980, -0.073, 0.000,0.809, 0.009, 0.588, 12.665, -0.014, 1.000, 0.004, -0.095, -0.587, -0.011, 0.809, -4.565, 0.000, 0.000, 0.000, 1.000,  122 6 11 18 15 22 -125.187 -156.481 -1668.63 -223.197 14.6464 -1639.99 -361.311 -65.9195 -1627.99 
40 82.3188 0.00210571 -0 39.999 -0 0.643, 0.004, 0.766, 18.472, -0.078, 0.000,0.766, 0.009, 0.643, 13.833, -0.015, 1.000, 0.004, -0.106, -0.643, -0.013, 0.766, -5.530, 0.000, 0.000, 0.000, 1.000,  122 6 11 18 15 28 -118.511 -153.998 -1669.48 -228.219 9.66042 -1639.57 -360.499 -80.3501 -1629.05 
44 82.3188 0.00210571 -0.000976562 43.9998 -0.000223007 0.695, 0.004, 0.719, 21.265, -0.077, 0.000,0.719, 0.009, 0.695, 14.921, -0.017, 1.000, 0.004, -0.112, -0.695, -0.014, 0.719, -6.566, 0.000, 0.000, 0.000, 1.000,  122 6 11 18 15 34 -112.004 -151.03 -1670.21 -232.916 4.33271 -1639.27 -358.674 -94.7202 -1630.29 
48 82.3188 0.00141907 -0 47.9988 -0 0.743, 0.003, 0.669, 24.462, -0.094, 0.000,0.669, 0.010, 0.743, 15.929, -0.018, 1.000, 0.003, -0.130, -0.743, -0.016, 0.669, -7.682, 0.000, 0.000, 0.000, 1.000,  122 6 11 18 15 40 -105.749 -147.638 -1670.93 -237.187 -1.27269 -1639.01 -355.889 -108.84 -1631.72 
52 82.3188 0.00141907 0.000488281 51.9996 -0 0.788, 0.003, 0.616, 28.195, -0.116, 0.000,0.616, 0.009, 0.788, 16.854, -0.020, 1.000, 0.003, -0.164, -0.788, -0.017, 0.616, -8.861, 0.000, 0.000, 0.000, 1.000,  122 6 11 18 15 46 -99.7386 -143.805 -1671.57 -241.076 -7.16352 -1638.88 -352.097 -122.7 -1633.15 
56 82.3188 0.00141907 -0 55.9986 -0 0.829, 0.003, 0.559, 32.707, -0.138, 0.000,0.559, 0.009, 0.829, 17.706, -0.021, 1.000, 0.003, -0.189, -0.829, -0.019, 0.559, -10.111, 0.000, 0.000, 0.000, 1.000,  122 6 11 18 15 52 -93.9647 -139.548 -1672.14 -244.572 -13.3509 -1638.79 -347.341 -136.344 -1634.79 
60 82.3188 0.00279236 0.000488281 59.9994 -0 0.866, 0.002, 0.500, 38.274, -0.168, 0.000,0.499, 0.009, 0.866, 18.466, -0.022, 1.000, 0.002, -0.219, -0.866, -0.021, 0.500, -11.422, 0.000, 0.000, 0.000, 1.000,  122 6 11 18 15 58 -88.5079 -134.9 -1672.64 -247.612 -19.7563 -1638.8 -341.669 -149.589 -1636.53 
60 82.3188 0.00141907 -0 59.9994 -0 0.866, 0.002, 0.500, 38.273, -0.170, 0.000,0.499, 0.009, 0.866, 18.465, -0.022, 1.000, 0.002, -0.223, -0.866, -0.021, 0.500, -11.421, 0.000, 0.000, 0.000, 1.000,  122 6 11 18 16 1 -88.5075 -134.897 -1672.64 -247.615 -19.7572 -1638.81 -341.666 -149.593 -1636.53 
56 82.3188 0.00210571 -0.000488281 55.9986 -0 0.829, 0.003, 0.559, 32.777, -0.132, 0.000,0.559, 0.009, 0.829, 17.714, -0.021, 1.000, 0.003, -0.184, -0.829, -0.019, 0.559, -10.145, 0.000, 0.000, 0.000, 1.000,  122 6 11 18 16 3 -93.9115 -139.531 -1672.14 -244.56 -13.3908 -1638.79 -347.288 -136.426 -1634.79 
52 82.3188 0.00210571 0.000488281 51.9996 -0 0.788, 0.003, 0.616, 28.250, -0.113, 0.000,0.616, 0.009, 0.788, 16.871, -0.020, 1.000, 0.003, -0.162, -0.788, -0.018, 0.616, -8.889, 0.000, 0.000, 0.000, 1.000,  122 6 11 18 16 6 -99.7081 -143.819 -1671.57 -241.056 -7.19014 -1638.87 -352.067 -122.736 -1633.14 
48 82.3188 0.00141907 0.000488281 47.9988 0.000223007 0.744, 0.003, 0.669, 24.517, -0.094, 0.000,0.669, 0.010, 0.744, 15.947, -0.018, 1.000, 0.003, -0.132, -0.743, -0.016, 0.669, -7.708, 0.000, 0.000, 0.000, 1.000,  122 6 11 18 16 9 -105.69 -147.624 -1670.94 -237.199 -1.3267 -1639.01 -355.84 -108.947 -1631.7 
44 82.3188 0.00210571 0.000488281 43.9998 -0 0.695, 0.004, 0.719, 21.301, -0.095, 0.000,0.719, 0.009, 0.695, 14.942, -0.017, 1.000, 0.004, -0.131, -0.695, -0.014, 0.719, -6.584, 0.000, 0.000, 0.000, 1.000,  122 6 11 18 16 12 -111.997 -151.053 -1670.23 -232.896 4.31482 -1639.29 -358.663 -94.7332 -1630.3 
40 82.3188 0.000732422 -0.000488281 39.999 -0.000446015 0.643, 0.004, 0.766, 18.512, -0.090, 0.000,0.766, 0.009, 0.643, 13.853, -0.016, 1.000, 0.004, -0.118, -0.643, -0.013, 0.766, -5.551, 0.000, 0.000, 0.000, 1.000,  122 6 11 18 16 15 -118.47 -154.002 -1669.51 -228.225 9.6232 -1639.58 -360.481 -80.4321 -1629.06 
36 82.3188 0.000732422 0.000976562 36 -0 0.588, 0.004, 0.809, 16.013, -0.080, 0.000,0.809, 0.009, 0.588, 12.688, -0.014, 1.000, 0.004, -0.102, -0.588, -0.011, 0.809, -4.578, 0.000, 0.000, 0.000, 1.000,  122 6 11 18 16 18 -125.168 -156.499 -1668.64 -223.196 14.6177 -1640.01 -361.302 -65.9686 -1627.98 
32 82.3188 0.00141907 0.000488281 31.9992 -0 0.530, 0.004, 0.848, 13.776, -0.041, 0.000,0.848, 0.009, 0.530, 11.466, -0.013, 1.000, 0.004, -0.057, -0.530, -0.010, 0.848, -3.697, 0.000, 0.000, 0.000, 1.000,  122 6 11 18 16 20 -131.983 -158.523 -1667.77 -217.848 19.23 -1640.39 -361.117 -51.5173 -1626.98 
28 82.3188 0.00141907 -0 27.9967 -0 0.469, 0.004, 0.883, 11.741, -0.047, 0.000,0.883, 0.008, 0.469, 10.198, -0.011, 1.000, 0.004, -0.059, -0.469, -0.008, 0.883, -2.903, 0.000, 0.000, 0.000, 1.000,  122 6 11 18 16 23 -138.909 -160.056 -1666.83 -212.219 23.4349 -1640.96 -359.933 -37.132 -1626.19 
24 82.3188 0.00210571 -0.000488281 23.9977 -0 0.406, 0.004, 0.914, 9.817, -0.002, 0.000,0.914, 0.007, 0.406, 8.845, -0.009, 1.000, 0.004, -0.011, -0.406, -0.007, 0.914, -2.185, 0.000, 0.000, 0.000, 1.000,  122 6 11 18 16 26 -145.976 -161.088 -1665.78 -206.271 27.2826 -1641.56 -357.737 -22.7485 -1625.48 
20 82.3188 0.00210571 -0 19.9986 -0 0.342, 0.003, 0.940, 8.028, 0.018, 0.000,0.940, 0.006, 0.342, 7.457, -0.008, 1.000, 0.003, 0.013, -0.342, -0.006, 0.940, -1.570, 0.000, 0.000, 0.000, 1.000,  122 6 11 18 16 29 -153.026 -161.622 -1664.76 -200.132 30.6866 -1642.19 -354.586 -8.65447 -1624.99 
16 82.3188 0.00141907 -0 15.9996 -0.00111504 0.275, 0.003, 0.962, 6.335, 0.017, 0.000,0.962, 0.005, 0.275, 6.044, -0.006, 1.000, 0.003, 0.014, -0.275, -0.004, 0.962, -1.018, 0.000, 0.000, 0.000, 1.000,  122 6 11 18 16 32 -160.233 -161.679 -1663.7 -193.714 33.6551 -1642.91 -350.442 5.34976 -1624.65 
12 82.3188 0.00141907 -0 11.9988 -0 0.208, 0.002, 0.978, 4.713, 0.053, 0.000,0.978, 0.004, 0.208, 4.582, -0.004, 1.000, 0.002, 0.052, -0.208, -0.003, 0.978, -0.615, 0.000, 0.000, 0.000, 1.000,  122 6 11 18 16 35 -167.203 -161.205 -1662.54 -187.22 36.1546 -1643.71 -345.402 18.7727 -1624.44 
8 82.3188 0.000732422 -0.000488281 7.9998 -0 0.138, 0.002, 0.990, 3.121, 0.058, 0.000,0.990, 0.002, 0.138, 3.079, -0.003, 1.000, 0.002, 0.057, -0.138, -0.002, 0.990, -0.301, 0.000, 0.000, 0.000, 1.000,  122 6 11 18 16 37 -174.276 -160.227 -1661.4 -180.445 38.2183 -1644.56 -339.353 32.0689 -1624.43 
4 82.3188 0.000732422 -0 3.99902 -0 0.069, 0.001, 0.998, 1.593, 0.088, 0.000,0.998, 0.002, 0.069, 1.587, -0.002, 1.000, 0.001, 0.088, -0.069, -0.001, 0.998, -0.086, 0.000, 0.000, 0.000, 1.000,  122 6 11 18 16 40 -181.183 -158.789 -1660.25 -173.638 39.7789 -1645.4 -332.472 44.7635 -1624.58 
0 82.3188 0.00210571 -0 -0 -0 -0.001, -0.000, 1.000, 0.061, 0.097, 0.000,1.000, -0.000, -0.001, 0.061, 0.000, 1.000, -0.000, 0.097, 0.001, 0.000, 1.000, 0.033, 0.000, 0.000, 0.000, 1.000,  122 6 11 18 16 43 -188.037 -156.829 -1659.05 -166.692 40.8685 -1646.36 -324.699 57.0423 -1624.92 
-4 82.3188 0.00141907 0.000488281 -3.99902 -0 -0.071, -0.001, 0.997, -1.452, 0.118, 0.000,0.997, -0.002, -0.071, -1.455, 0.002, 1.000, -0.001, 0.118, 0.071, 0.001, 0.997, 0.041, 0.000, 0.000, 0.000, 1.000,  122 6 11 18 16 46 -194.688 -154.408 -1657.77 -159.73 41.4547 -1647.4 -316.124 68.7054 -1625.4 
-8 82.3188 0.00141907 -0 -7.9998 0.000223007 -0.140, -0.002, 0.990, -2.967, 0.091, 0.000,0.990, -0.003, -0.140, -2.959, 0.003, 1.000, -0.002, 0.091, 0.140, 0.001, 0.990, -0.059, 0.000, 0.000, 0.000, 1.000,  122 6 11 18 16 49 -201.147 -151.543 -1656.7 -152.763 41.5598 -1648.35 -306.787 79.7106 -1625.97 
-12 82.3188 0.00210571 0.000488281 -11.9988 -0 -0.210, -0.003, 0.978, -4.524, 0.137, 0.000,0.978, -0.005, -0.210, -4.468, 0.004, 1.000, -0.003, 0.138, 0.210, 0.002, 0.978, -0.260, 0.000, 0.000, 0.000, 1.000,  122 6 11 18 16 52 -207.46 -148.181 -1655.42 -145.721 41.1472 -1649.4 -296.591 90.1539 -1626.73 
-16 82.3188 0.00210571 -0 -15.9996 -0 -0.277, -0.004, 0.961, -6.109, 0.127, 0.000,0.961, -0.007, -0.277, -5.949, 0.006, 1.000, -0.004, 0.129, 0.278, 0.002, 0.961, -0.554, 0.000, 0.000, 0.000, 1.000,  122 6 11 18 16 54 -213.491 -144.404 -1654.21 -138.798 40.2536 -1650.52 -285.82 99.7862 -1627.7 
-20 82.3188 0.00210571 0.000488281 -19.9986 -0 -0.345, -0.006, 0.939, -7.768, 0.110, 0.000,0.939, -0.008, -0.345, -7.419, 0.007, 1.000, -0.006, 0.116, 0.345, 0.003, 0.939, -0.951, 0.000, 0.000, 0.000, 1.000,  122 6 11 18 16 57 -219.323 -140.164 -1653.07 -131.873 38.8553 -1651.6 -274.253 108.757 -1628.84 
-24 82.3188 0.00210571 -0 -23.9994 -0 -0.409, -0.006, 0.913, -9.494, 0.092, 0.000,0.912, -0.010, -0.409, -8.830, 0.008, 1.000, -0.006, 0.102, 0.409, 0.003, 0.913, -1.481, 0.000, 0.000, 0.000, 1.000,  122 6 11 18 17 0 -224.661 -135.614 -1651.91 -125.194 37.0068 -1652.75 -262.334 116.704 -1630.05 
-28 82.3188 0.00141907 0.000488281 -27.9984 -0 -0.472, -0.008, 0.881, -11.342, 0.059, 0.000,0.881, -0.011, -0.472, -10.226, 0.009, 1.000, -0.008, 0.077, 0.472, 0.002, 0.881, -2.083, 0.000, 0.000, 0.000, 1.000,  122 6 11 18 17 3 -229.806 -130.603 -1650.79 -118.572 34.6522 -1653.91 -249.709 123.917 -1631.4 
-32 82.3188 0.000732422 -0 -31.9992 -0 -0.533, -0.008, 0.846, -13.318, 0.062, 0.000,0.846, -0.013, -0.533, -11.561, 0.010, 1.000, -0.008, 0.089, 0.533, 0.002, 0.846, -2.792, 0.000, 0.000, 0.000, 1.000,  122 6 11 18 17 6 -234.493 -125.306 -1649.63 -112.2 31.8671 -1655.06 -236.785 130.13 -1632.81 
-36 82.3188 0.00141907 -0 -36 -0 -0.591, -0.011, 0.807, -15.463, -0.018, -0.000,0.807, -0.015, -0.591, -12.831, 0.010, 1.000, -0.011, 0.030, 0.591, 0.003, 0.807, -3.596, 0.000, 0.000, 0.000, 1.000,  122 6 11 18 17 9 -238.861 -119.666 -1648.68 -105.991 28.599 -1656.18 -223.359 135.513 -1634.57 
-40 82.3188 0.00141907 -0 -39.999 -0 -0.646, -0.012, 0.763, -17.840, -0.075, 0.000,0.763, -0.016, -0.646, -14.048, 0.011, 1.000, -0.012, -0.006, 0.646, 0.002, 0.763, -4.482, 0.000, 0.000, 0.000, 1.000,  122 6 11 18 17 11 -242.82 -113.712 -1647.68 -100.034 24.8939 -1657.33 -209.594 139.898 -1636.26 
-44 82.3188 0.00210571 0.000488281 -43.9998 -0 -0.697, -0.013, 0.717, -20.503, -0.123, 0.000,0.716, -0.018, -0.697, -15.185, 0.012, 1.000, -0.013, -0.022, 0.698, 0.001, 0.717, -5.463, 0.000, 0.000, 0.000, 1.000,  122 6 11 18 17 14 -246.297 -107.554 -1646.68 -94.3865 20.8067 -1658.48 -195.692 143.266 -1638.12 
-48 82.3188 0.00210571 -0 -47.9988 -0 -0.746, -0.015, 0.666, -23.551, -0.193, 0.000,0.666, -0.019, -0.746, -16.225, 0.012, 1.000, -0.015, -0.045, 0.746, 0.001, 0.666, -6.537, 0.000, 0.000, 0.000, 1.000,  122 6 11 18 17 17 -249.374 -101.133 -1645.79 -88.9765 16.2447 -1659.57 -181.456 145.642 -1640.09 
-52 82.3188 0.000732422 -0.000488281 -51.9996 -0 -0.791, -0.016, 0.612, -27.131, -0.305, 0.000,0.612, -0.021, -0.791, -17.240, 0.012, 1.000, -0.016, -0.099, 0.791, 0.000, 0.612, -7.654, 0.000, 0.000, 0.000, 1.000,  122 6 11 18 17 20 -251.995 -94.482 -1644.96 -83.9486 11.3989 -1660.67 -167.188 147.059 -1642.11 
-56 82.3188 4.57764e-05 -0 -55.9986 -0.000223007 -0.832, -0.018, 0.555, -31.450, -0.420, 0.000,0.555, -0.022, -0.832, -18.178, 0.013, 1.000, -0.018, -0.132, 0.832, -0.000, 0.555, -8.854, 0.000, 0.000, 0.000, 1.000,  122 6 11 18 17 23 -254.141 -87.6349 -1644.17 -79.2448 6.18691 -1661.73 -152.794 147.46 -1644.23 
-60 82.3188 0.00141907 -0.000488281 -59.9994 -0 -0.868, -0.019, 0.496, -36.954, -0.628, 0.000,0.495, -0.023, -0.868, -19.057, 0.013, 1.000, -0.019, -0.228, 0.869, -0.002, 0.496, -10.216, 0.000, 0.000, 0.000, 1.000,  122 6 11 18 17 26 -255.685 -80.6789 -1643.5 -74.8516 0.725418 -1662.85 -138.43 146.884 -1646.46 
-60 82.3188 0.00210571 -0 -59.9994 -0 -0.868, -0.019, 0.496, -36.956, -0.623, 0.000,0.495, -0.023, -0.868, -19.060, 0.013, 1.000, -0.019, -0.222, 0.869, -0.002, 0.496, -10.216, 0.000, 0.000, 0.000, 1.000,  122 6 11 18 17 32 -255.687 -80.6761 -1643.49 -74.8497 0.727598 -1662.84 -138.431 146.89 -1646.45 
-56 82.3188 0.000732422 -0 -55.9986 -0 -0.832, -0.018, 0.555, -31.499, -0.422, 0.000,0.555, -0.022, -0.832, -18.181, 0.013, 1.000, -0.018, -0.132, 0.832, -0.000, 0.555, -8.884, 0.000, 0.000, 0.000, 1.000,  122 6 11 18 17 38 -254.113 -87.6305 -1644.16 -79.2144 6.18324 -1661.75 -152.752 147.46 -1644.26 
-52 82.3188 0.00141907 0.000488281 -51.9996 -0 -0.791, -0.016, 0.612, -27.182, -0.341, 0.000,0.612, -0.020, -0.791, -17.243, 0.012, 1.000, -0.016, -0.138, 0.791, 0.000, 0.612, -7.689, 0.000, 0.000, 0.000, 1.000,  122 6 11 18 17 44 -251.975 -94.4672 -1645.02 -83.9103 11.3901 -1660.7 -167.118 147.056 -1642.1 
-48 82.3188 0.00141907 -0.000488281 -47.9988 -0 -0.746, -0.015, 0.666, -23.590, -0.195, 0.000,0.666, -0.019, -0.746, -16.237, 0.012, 1.000, -0.015, -0.047, 0.746, 0.001, 0.666, -6.560, 0.000, 0.000, 0.000, 1.000,  122 6 11 18 17 50 -249.357 -101.112 -1645.8 -88.9458 16.2429 -1659.57 -181.397 145.648 -1640.09 
-44 82.3188 0.00141907 -0.00146484 -43.9998 -0 -0.698, -0.013, 0.716, -20.533, -0.120, 0.000,0.716, -0.018, -0.698, -15.190, 0.012, 1.000, -0.013, -0.019, 0.698, 0.001, 0.716, -5.480, 0.000, 0.000, 0.000, 1.000,  122 6 11 18 17 56 -246.328 -107.493 -1646.67 -94.3194 20.7521 -1658.49 -195.529 143.293 -1638.12 
-40 82.3188 0.00141907 -0 -39.999 -0 -0.647, -0.012, 0.763, -17.862, -0.066, 0.000,0.763, -0.016, -0.647, -14.055, 0.011, 1.000, -0.012, 0.004, 0.647, 0.002, 0.763, -4.492, 0.000, 0.000, 0.000, 1.000,  122 6 11 18 18 2 -242.869 -113.643 -1647.66 -99.963 24.8353 -1657.33 -209.425 139.935 -1636.27 
-36 82.3188 0.00141907 -0 -36 -0 -0.592, -0.011, 0.806, -15.490, -0.007, 0.000,0.806, -0.015, -0.592, -12.847, 0.010, 1.000, -0.011, 0.041, 0.592, 0.002, 0.806, -3.601, 0.000, 0.000, 0.000, 1.000,  122 6 11 18 18 8 -238.945 -119.566 -1648.64 -105.891 28.5285 -1656.2 -223.122 135.588 -1634.58 
-32 82.3188 0.00210571 -0.000976562 -31.9992 0.000223007 -0.534, -0.009, 0.845, -13.347, 0.052, 0.000,0.845, -0.013, -0.534, -11.582, 0.010, 1.000, -0.009, 0.081, 0.534, 0.002, 0.845, -2.794, 0.000, 0.000, 0.000, 1.000,  122 6 11 18 18 14 -234.614 -125.189 -1649.64 -112.073 31.7922 -1655.07 -236.504 130.261 -1632.91 
-28 82.3188 0.00141907 -0.000488281 -27.9984 -0 -0.473, -0.008, 0.881, -11.365, 0.070, 0.000,0.881, -0.012, -0.473, -10.245, 0.009, 1.000, -0.008, 0.089, 0.473, 0.003, 0.881, -2.084, 0.000, 0.000, 0.000, 1.000,  122 6 11 18 18 20 -229.893 -130.515 -1650.74 -118.476 34.6009 -1653.93 -249.508 124.03 -1631.47 
-24 82.3188 0.00141907 0.000976562 -23.9994 -0 -0.411, -0.006, 0.912, -9.534, 0.070, 0.000,0.912, -0.010, -0.411, -8.867, 0.008, 1.000, -0.006, 0.081, 0.411, 0.003, 0.912, -1.482, 0.000, 0.000, 0.000, 1.000,  122 6 11 18 18 26 -224.817 -135.483 -1651.89 -125.035 36.9511 -1652.81 -262.028 116.906 -1630.1 
-20 82.3188 0.00141907 -0 -19.9986 -0 -0.346, -0.006, 0.938, -7.794, 0.109, 0.000,0.938, -0.008, -0.346, -7.446, 0.007, 1.000, -0.006, 0.115, 0.346, 0.003, 0.938, -0.945, 0.000, 0.000, 0.000, 1.000,  122 6 11 18 18 32 -219.449 -140.075 -1653.05 -131.754 38.8215 -1651.62 -274.036 108.928 -1628.88 
-16 82.3188 0.00141907 -0 -15.9996 -0.000669023 -0.279, -0.004, 0.960, -6.146, 0.122, 0.000,0.960, -0.007, -0.279, -5.989, 0.006, 1.000, -0.004, 0.124, 0.279, 0.002, 0.960, -0.538, 0.000, 0.000, 0.000, 1.000,  122 6 11 18 18 38 -213.671 -144.294 -1654.17 -138.641 40.2278 -1650.56 -285.539 100.036 -1627.72 
-12 82.3188 0.00210571 -0 -11.9988 -0 -0.211, -0.003, 0.977, -4.558, 0.098, 0.000,0.977, -0.005, -0.211, -4.506, 0.004, 1.000, -0.003, 0.099, 0.211, 0.002, 0.977, -0.239, 0.000, 0.000, 0.000, 1.000,  122 6 11 18 18 44 -207.639 -148.089 -1655.45 -145.584 41.141 -1649.44 -296.377 90.3979 -1626.78 
-8 82.3188 0.00141907 -0 -7.9998 -0 -0.142, -0.002, 0.990, -3.008, 0.106, 0.000,0.990, -0.003, -0.142, -3.004, 0.003, 1.000, -0.002, 0.106, 0.142, 0.002, 0.990, -0.033, 0.000, 0.000, 0.000, 1.000,  122 6 11 18 18 50 -201.345 -151.45 -1656.63 -152.603 41.5589 -1648.38 -306.548 80.008 -1626.01 
-4 82.3188 0.00141907 -0.000488281 -3.99902 -0.000223007 -0.073, -0.001, 0.997, -1.501, 0.140, 0.000,0.997, -0.002, -0.073, -1.506, 0.002, 1.000, -0.001, 0.140, 0.073, 0.001, 0.997, 0.074, 0.000, 0.000, 0.000, 1.000,  122 6 11 18 18 56 -194.889 -154.326 -1657.72 -159.579 41.4783 -1647.39 -315.919 69.0065 -1625.4 
0 82.3188 0.000732422 -0.000488281 -0 -0 -0.003, -0.000, 1.000, 0.018, 0.100, 0.000,1.000, -0.000, -0.003, 0.018, 0.000, 1.000, -0.000, 0.100, 0.003, 0.000, 1.000, 0.069, 0.000, 0.000, 0.000, 1.000,  122 6 11 18 19 2 -188.213 -156.767 -1658.99 -166.577 40.9006 -1646.39 -324.547 57.3191 -1624.93 
4 82.3188 0.000732422 -0.000488281 3.99902 -0 0.067, 0.001, 0.998, 1.541, 0.079, 0.000,0.998, 0.001, 0.067, 1.539, -0.001, 1.000, 0.001, 0.079, -0.067, -0.001, 0.998, -0.040, 0.000, 0.000, 0.000, 1.000,  122 6 11 18 19 8 -181.39 -158.728 -1660.21 -173.514 39.8252 -1645.44 -332.335 45.0864 -1624.6 
8 82.3188 0.00141907 -0.000488281 7.9998 -0 0.137, 0.002, 0.991, 3.072, 0.055, 0.000,0.991, 0.002, 0.137, 3.036, -0.003, 1.000, 0.002, 0.054, -0.137, -0.002, 0.991, -0.263, 0.000, 0.000, 0.000, 1.000,  122 6 11 18 19 14 -174.422 -160.186 -1661.36 -180.366 38.2731 -1644.59 -339.274 32.314 -1624.45 
12 82.3188 0.00210571 0.000488281 11.9988 -0 0.206, 0.002, 0.979, 4.648, 0.031, 0.000,0.979, 0.004, 0.206, 4.529, -0.004, 1.000, 0.002, 0.029, -0.206, -0.003, 0.979, -0.568, 0.000, 0.000, 0.000, 1.000,  122 6 11 18 19 20 -167.415 -161.168 -1662.53 -187.095 36.2361 -1643.74 -345.309 19.1295 -1624.49 
16 82.3188 0.00141907 -0 15.9996 -0 0.274, 0.003, 0.962, 6.279, 0.011, 0.000,0.962, 0.005, 0.274, 5.998, -0.006, 1.000, 0.003, 0.008, -0.274, -0.004, 0.962, -0.984, 0.000, 0.000, 0.000, 1.000,  122 6 11 18 19 26 -160.342 -161.646 -1663.66 -193.663 33.7197 -1642.95 -350.411 5.55424 -1624.69 
20 82.3188 0.00141907 0.000488281 19.9986 -0 0.341, 0.003, 0.940, 7.964, 0.016, 0.000,0.940, 0.006, 0.341, 7.412, -0.008, 1.000, 0.003, 0.011, -0.341, -0.005, 0.940, -1.521, 0.000, 0.000, 0.000, 1.000,  122 6 11 18 19 32 -153.153 -161.593 -1664.73 -200.094 30.757 -1642.19 -354.578 -8.44851 -1625.01 
24 82.3188 0.00141907 -0 23.9994 -0 0.406, 0.003, 0.914, 9.762, 0.015, 0.000,0.914, 0.007, 0.406, 8.806, -0.009, 1.000, 0.003, 0.007, -0.406, -0.007, 0.914, -2.153, 0.000, 0.000, 0.000, 1.000,  122 6 11 18 19 38 -146.039 -161.057 -1665.76 -206.258 27.3331 -1641.52 -357.749 -22.6431 -1625.5 
28 82.3188 0.00210571 0.000488281 27.9984 -0 0.469, 0.004, 0.883, 11.689, -0.031, 0.000,0.883, 0.008, 0.469, 10.163, -0.011, 1.000, 0.004, -0.044, -0.469, -0.008, 0.883, -2.873, 0.000, 0.000, 0.000, 1.000,  122 6 11 18 19 44 -138.959 -160.032 -1666.8 -212.217 23.4828 -1640.95 -359.939 -37.0394 -1626.17 
32 82.3188 0.00141907 -0.000488281 31.9992 -0 0.530, 0.004, 0.848, 13.732, -0.041, 0.000,0.848, 0.009, 0.530, 11.440, -0.012, 1.000, 0.004, -0.057, -0.530, -0.010, 0.848, -3.671, 0.000, 0.000, 0.000, 1.000,  122 6 11 18 19 50 -132.024 -158.504 -1667.75 -217.853 19.268 -1640.4 -361.131 -51.4401 -1626.99 
36 82.3188 0.00141907 0.000488281 36 -0 0.588, 0.004, 0.809, 15.969, -0.064, 0.000,0.809, 0.009, 0.588, 12.664, -0.014, 1.000, 0.004, -0.086, -0.587, -0.011, 0.809, -4.551, 0.000, 0.000, 0.000, 1.000,  122 6 11 18 19 56 -125.199 -156.478 -1668.61 -223.209 14.6467 -1640 -361.32 -65.9193 -1627.96 
40 82.3188 0.00141907 -0.000488281 39.999 -0 0.643, 0.004, 0.766, 18.462, -0.079, 0.000,0.766, 0.009, 0.643, 13.831, -0.015, 1.000, 0.004, -0.105, -0.643, -0.013, 0.766, -5.520, 0.000, 0.000, 0.000, 1.000,  122 6 11 18 20 2 -118.519 -153.997 -1669.47 -228.23 9.66421 -1639.57 -360.516 -80.3439 -1629.09 
44 82.3188 0.00141907 -0 43.9998 -0 0.695, 0.004, 0.719, 21.257, -0.079, -0.000,0.719, 0.009, 0.695, 14.927, -0.017, 1.000, 0.004, -0.116, -0.695, -0.014, 0.719, -6.552, 0.000, 0.000, 0.000, 1.000,  122 6 11 18 20 8 -112.021 -151.038 -1670.2 -232.928 4.33172 -1639.28 -358.682 -94.7195 -1630.27 
48 82.3188 0.000732422 -0 47.9988 -0 0.743, 0.003, 0.669, 24.454, -0.095, 0.000,0.669, 0.010, 0.743, 15.931, -0.018, 1.000, 0.003, -0.133, -0.743, -0.016, 0.669, -7.673, 0.000, 0.000, 0.000, 1.000,  122 6 11 18 20 14 -105.756 -147.638 -1670.93 -237.199 -1.27464 -1639.02 -355.89 -108.843 -1631.7 
52 82.3188 0.00141907 -0 51.9996 -0 0.788, 0.003, 0.616, 28.183, -0.110, 0.000,0.616, 0.009, 0.788, 16.856, -0.019, 1.000, 0.003, -0.160, -0.788, -0.017, 0.616, -8.849, 0.000, 0.000, 0.000, 1.000,  122 6 11 18 20 20 -99.7448 -143.801 -1671.54 -241.095 -7.17043 -1638.89 -352.102 -122.711 -1633.14 
56 82.3188 0.00141907 -0 55.9986 -0 0.829, 0.003, 0.559, 32.691, -0.121, 0.000,0.559, 0.009, 0.829, 17.706, -0.021, 1.000, 0.003, -0.171, -0.829, -0.019, 0.559, -10.101, 0.000, 0.000, 0.000, 1.000,  122 6 11 18 20 26 -93.9736 -139.551 -1672.12 -244.579 -13.3492 -1638.78 -347.35 -136.345 -1634.79 
60 82.3188 0.00210571 -0 59.9994 -0 0.866, 0.002, 0.500, 38.256, -0.161, 0.000,0.499, 0.009, 0.866, 18.467, -0.022, 1.000, 0.002, -0.213, -0.866, -0.021, 0.500, -11.412, 0.000, 0.000, 0.000, 1.000,  122 6 11 18 20 32 -88.5176 -134.903 -1672.64 -247.621 -19.7537 -1638.79 -341.672 -149.586 -1636.52 
60 82.3188 0.00141907 -0.000488281 59.9994 -0 0.866, 0.002, 0.500, 38.257, -0.163, 0.000,0.499, 0.009, 0.866, 18.466, -0.022, 1.000, 0.002, -0.215, -0.866, -0.020, 0.500, -11.412, 0.000, 0.000, 0.000, 1.000,  122 6 11 18 20 35 -88.5169 -134.9 -1672.63 -247.621 -19.7548 -1638.8 -341.677 -149.59 -1636.53 
56 82.3188 0.00141907 -0 55.9986 -0 0.829, 0.003, 0.559, 32.763, -0.117, 0.000,0.559, 0.009, 0.829, 17.716, -0.021, 1.000, 0.003, -0.167, -0.829, -0.019, 0.559, -10.133, 0.000, 0.000, 0.000, 1.000,  122 6 11 18 20 38 -93.9189 -139.531 -1672.12 -244.57 -13.3952 -1638.78 -347.291 -136.433 -1634.79 
52 82.3188 0.00210571 0.000488281 51.9996 -0 0.788, 0.003, 0.616, 28.228, -0.109, 0.000,0.616, 0.009, 0.788, 16.869, -0.020, 1.000, 0.003, -0.158, -0.788, -0.018, 0.616, -8.874, 0.000, 0.000, 0.000, 1.000,  122 6 11 18 20 41 -99.7188 -143.818 -1671.55 -241.073 -7.18347 -1638.88 -352.081 -122.732 -1633.14 
48 82.3188 0.00141907 -0 47.9988 -0 0.744, 0.003, 0.669, 24.500, -0.087, 0.000,0.669, 0.010, 0.744, 15.943, -0.018, 1.000, 0.003, -0.124, -0.743, -0.016, 0.669, -7.695, 0.000, 0.000, 0.000, 1.000,  122 6 11 18 20 44 -105.695 -147.617 -1670.93 -237.216 -1.32459 -1639 -355.848 -108.951 -1631.71 
44 82.3188 0.00141907 -0.000976562 43.9998 -0 0.695, 0.004, 0.719, 21.277, -0.081, 0.000,0.719, 0.009, 0.695, 14.935, -0.017, 1.000, 0.004, -0.116, -0.695, -0.014, 0.719, -6.565, 0.000, 0.000, 0.000, 1.000,  122 6 11 18 20 47 -112.009 -151.046 -1670.21 -232.917 4.32161 -1639.28 -358.672 -94.7365 -1630.29 
40 82.3188 0.00141907 0.000488281 39.999 -0 0.643, 0.004, 0.766, 18.495, -0.079, 0.000,0.766, 0.009, 0.643, 13.847, -0.015, 1.000, 0.004, -0.107, -0.643, -0.013, 0.766, -5.537, 0.000, 0.000, 0.000, 1.000,  122 6 11 18 20 49 -118.475 -153.996 -1669.49 -228.245 9.62937 -1639.57 -360.493 -80.439 -1629.06 
36 82.3188 0.00210571 0.000488281 36 -0 0.588, 0.004, 0.809, 16.002, -0.074, 0.000,0.809, 0.009, 0.588, 12.687, -0.014, 1.000, 0.004, -0.097, -0.588, -0.011, 0.809, -4.563, 0.000, 0.000, 0.000, 1.000,  122 6 11 18 20 52 -125.175 -156.497 -1668.62 -223.218 14.6191 -1640.01 -361.311 -65.9753 -1627.97 
32 82.3188 0.000732422 -0.000488281 31.9992 -0 0.530, 0.004, 0.848, 13.773, -0.050, -0.000,0.848, 0.009, 0.530, 11.469, -0.013, 1.000, 0.004, -0.066, -0.530, -0.010, 0.848, -3.687, 0.000, 0.000, 0.000, 1.000,  122 6 11 18 20 55 -131.993 -158.525 -1667.79 -217.86 19.2291 -1640.39 -361.122 -51.5176 -1626.98 
28 82.3188 0.00141907 -0.000488281 28.0002 -0 0.469, 0.004, 0.883, 11.732, -0.044, 0.000,0.883, 0.008, 0.469, 10.196, -0.011, 1.000, 0.004, -0.057, -0.469, -0.009, 0.883, -2.890, 0.000, 0.000, 0.000, 1.000,  122 6 11 18 20 58 -138.923 -160.058 -1666.82 -212.23 23.4417 -1640.96 -359.938 -37.1359 -1626.16 
24 82.3188 0.00210571 -0 23.9994 -0 0.406, 0.004, 0.914, 9.813, -0.004, 0.000,0.914, 0.007, 0.406, 8.846, -0.009, 1.000, 0.004, -0.013, -0.406, -0.007, 0.914, -2.176, 0.000, 0.000, 0.000, 1.000,  122 6 11 18 21 1 -145.986 -161.087 -1665.79 -206.279 27.2824 -1641.54 -357.744 -22.7544 -1625.47 
20 82.3188 0.00141907 0.000488281 19.9986 -0 0.342, 0.003, 0.940, 8.023, 0.016, 0.000,0.940, 0.006, 0.342, 7.456, -0.008, 1.000, 0.003, 0.011, -0.342, -0.006, 0.940, -1.561, 0.000, 0.000, 0.000, 1.000,  122 6 11 18 21 4 -153.037 -161.622 -1664.77 -200.14 30.6916 -1642.17 -354.592 -8.6562 -1624.99 
16 82.3188 0.00210571 -0.000488281 15.9996 -0 0.275, 0.002, 0.962, 6.332, 0.006, 0.000,0.962, 0.005, 0.275, 6.041, -0.006, 1.000, 0.002, 0.003, -0.275, -0.004, 0.962, -1.017, 0.000, 0.000, 0.000, 1.000,  122 6 11 18 21 7 -160.233 -161.677 -1663.71 -193.718 33.6602 -1642.92 -350.454 5.34625 -1624.69 
12 82.3188 0.000732422 0.00146484 11.9988 -0 0.208, 0.002, 0.978, 4.711, 0.032, 0.000,0.978, 0.004, 0.208, 4.582, -0.004, 1.000, 0.002, 0.031, -0.208, -0.003, 0.978, -0.608, 0.000, 0.000, 0.000, 1.000,  122 6 11 18 21 9 -167.206 -161.204 -1662.57 -187.235 36.1587 -1643.71 -345.415 18.7596 -1624.46 
8 82.3188 0.00210571 -0 7.9998 -0 0.138, 0.002, 0.990, 3.117, 0.061, 0.000,0.990, 0.002, 0.138, 3.076, -0.003, 1.000, 0.002, 0.061, -0.138, -0.002, 0.990, -0.296, 0.000, 0.000, 0.000, 1.000,  122 6 11 18 21 12 -174.281 -160.221 -1661.38 -180.449 38.2201 -1644.56 -339.361 32.0662 -1624.45 
4 82.3188 0.00141907 -0.000488281 3.99902 -0 0.069, 0.001, 0.998, 1.589, 0.087, 0.000,0.998, 0.002, 0.069, 1.583, -0.002, 1.000, 0.001, 0.086, -0.069, -0.001, 0.998, -0.081, 0.000, 0.000, 0.000, 1.000,  122 6 11 18 21 15 -181.184 -158.784 -1660.25 -173.647 39.7829 -1645.4 -332.482 44.7622 -1624.59 
0 82.3188 0.00141907 -0 -0 -0 -0.001, -0.000, 1.000, 0.059, 0.105, 0.000,1.000, -0.000, -0.001, 0.059, 0.000, 1.000, -0.000, 0.105, 0.001, 0.000, 1.000, 0.037, 0.000, 0.000, 0.000, 1.000,  122 6 11 18 21 18 -188.036 -156.827 -1659.03 -166.699 40.8706 -1646.35 -324.704 57.0374 -1624.9 
-4 82.3188 0.00210571 -0.000488281 -3.99902 -0 -0.071, -0.001, 0.997, -1.457, 0.137, 0.000,0.997, -0.002, -0.071, -1.461, 0.002, 1.000, -0.001, 0.137, 0.071, 0.001, 0.997, 0.046, 0.000, 0.000, 0.000, 1.000,  122 6 11 18 21 21 -194.688 -154.403 -1657.75 -159.735 41.46 -1647.38 -316.134 68.6965 -1625.38 
-8 82.3188 0.00210571 -0.000488281 -7.9998 -0 -0.140, -0.002, 0.990, -2.973, 0.110, 0.000,0.990, -0.003, -0.140, -2.966, 0.003, 1.000, -0.002, 0.110, 0.140, 0.001, 0.990, -0.049, 0.000, 0.000, 0.000, 1.000,  122 6 11 18 21 24 -201.155 -151.532 -1656.69 -152.766 41.5627 -1648.33 -306.791 79.7149 -1625.96 
-12 82.3188 0.00141907 -0.000488281 -11.9988 -0 -0.209, -0.003, 0.978, -4.524, 0.137, 0.000,0.978, -0.005, -0.209, -4.470, 0.004, 1.000, -0.003, 0.137, 0.210, 0.002, 0.978, -0.254, 0.000, 0.000, 0.000, 1.000,  122 6 11 18 21 26 -207.46 -148.18 -1655.42 -145.732 41.1505 -1649.4 -296.609 90.1518 -1626.75 
-16 82.3188 0.00141907 -0 -15.9996 -0 -0.277, -0.004, 0.961, -6.111, 0.125, 0.000,0.961, -0.007, -0.277, -5.952, 0.006, 1.000, -0.004, 0.128, 0.277, 0.002, 0.961, -0.550, 0.000, 0.000, 0.000, 1.000,  122 6 11 18 21 29 -213.489 -144.401 -1654.21 -138.807 40.257 -1650.52 -285.833 99.7799 -1627.71 
-20 82.3188 0.00210571 0.000488281 -19.9986 -0 -0.345, -0.005, 0.939, -7.766, 0.085, 0.000,0.939, -0.008, -0.345, -7.417, 0.007, 1.000, -0.005, 0.090, 0.345, 0.003, 0.939, -0.951, 0.000, 0.000, 0.000, 1.000,  122 6 11 18 21 32 -219.31 -140.168 -1653.09 -131.893 38.8598 -1651.63 -274.277 108.74 -1628.81 
-24 82.3188 0.00141907 -0.000488281 -23.9994 -0 -0.409, -0.007, 0.913, -9.498, 0.108, 0.000,0.913, -0.010, -0.409, -8.837, 0.008, 1.000, -0.007, 0.118, 0.409, 0.003, 0.913, -1.475, 0.000, 0.000, 0.000, 1.000,  122 6 11 18 21 35 -224.656 -135.608 -1651.89 -125.205 37.0132 -1652.74 -262.351 116.697 -1630.05 
-28 82.3188 0.00141907 0.000488281 -27.9984 -0 -0.472, -0.008, 0.881, -11.341, 0.053, 0.000,0.881, -0.012, -0.472, -10.224, 0.009, 1.000, -0.008, 0.071, 0.472, 0.003, 0.881, -2.084, 0.000, 0.000, 0.000, 1.000,  122 6 11 18 21 38 -229.803 -130.602 -1650.79 -118.575 34.6476 -1653.92 -249.722 123.918 -1631.44 
-32 82.3188 0.00141907 -0.00146484 -31.9992 -0 -0.533, -0.008, 0.846, -13.318, 0.065, 0.000,0.846, -0.013, -0.533, -11.563, 0.010, 1.000, -0.008, 0.092, 0.533, 0.002, 0.846, -2.789, 0.000, 0.000, 0.000, 1.000,  122 6 11 18 21 41 -234.489 -125.309 -1649.63 -112.208 31.8734 -1655.05 -236.796 130.127 -1632.81 
-36 82.3188 0.00279236 0.000488281 -36 -0 -0.591, -0.011, 0.807, -15.466, -0.000, 0.000,0.807, -0.015, -0.591, -12.837, 0.010, 1.000, -0.011, 0.048, 0.591, 0.003, 0.807, -3.590, 0.000, 0.000, 0.000, 1.000,  122 6 11 18 21 43 -238.867 -119.654 -1648.65 -105.991 28.5984 -1656.17 -223.357 135.521 -1634.59 
-40 82.3188 4.57764e-05 -0.000488281 -39.999 -0 -0.646, -0.012, 0.763, -17.838, -0.058, 0.000,0.763, -0.016, -0.646, -14.051, 0.011, 1.000, -0.012, 0.011, 0.646, 0.002, 0.763, -4.477, 0.000, 0.000, 0.000, 1.000,  122 6 11 18 21 46 -242.819 -113.713 -1647.66 -100.042 24.8989 -1657.32 -209.609 139.898 -1636.26 
-44 82.3188 0.00141907 0.000488281 -44.0016 -0 -0.697, -0.013, 0.716, -20.501, -0.135, 0.000,0.716, -0.018, -0.697, -15.190, 0.012, 1.000, -0.013, -0.035, 0.698, 0.001, 0.716, -5.456, 0.000, 0.000, 0.000, 1.000,  122 6 11 18 21 49 -246.312 -107.543 -1646.69 -94.3881 20.8089 -1658.49 -195.684 143.279 -1638.12 
-48 82.3188 0.00141907 0.000488281 -47.9988 -0 -0.746, -0.015, 0.666, -23.552, -0.190, 0.000,0.666, -0.019, -0.746, -16.234, 0.012, 1.000, -0.015, -0.041, 0.746, 0.001, 0.666, -6.529, 0.000, 0.000, 0.000, 1.000,  122 6 11 18 21 52 -249.383 -101.122 -1645.79 -88.979 16.2517 -1659.56 -181.452 145.653 -1640.11 
-52 82.3188 0.00210571 -0 -51.9996 -0 -0.791, -0.016, 0.612, -27.131, -0.319, 0.000,0.612, -0.020, -0.791, -17.246, 0.012, 1.000, -0.016, -0.115, 0.791, 0.000, 0.612, -7.650, 0.000, 0.000, 0.000, 1.000,  122 6 11 18 21 55 -252.001 -94.476 -1644.98 -83.9537 11.4076 -1660.68 -167.19 147.067 -1642.1 
-56 82.3188 0.00279236 -0 -55.9986 -0 -0.832, -0.018, 0.555, -31.447, -0.429, 0.000,0.555, -0.022, -0.832, -18.184, 0.013, 1.000, -0.018, -0.140, 0.832, -0.000, 0.555, -8.849, 0.000, 0.000, 0.000, 1.000,  122 6 11 18 21 58 -254.148 -87.6293 -1644.16 -79.2505 6.19546 -1661.75 -152.801 147.469 -1644.26 
-60 82.3188 0.00141907 0.000488281 -59.9994 0.000223007 -0.868, -0.020, 0.496, -36.947, -0.637, 0.000,0.495, -0.023, -0.868, -19.059, 0.013, 1.000, -0.020, -0.235, 0.869, -0.001, 0.496, -10.211, 0.000, 0.000, 0.000, 1.000,  122 6 11 18 22 0 -255.693 -80.6761 -1643.51 -74.8562 0.729958 -1662.85 -138.437 146.89 -1646.48 
-60 82.3188 0.00141907 -0 -59.9994 0.000223007 -0.868, -0.019, 0.496, -36.955, -0.648, 0.000,0.495, -0.023, -0.868, -19.062, 0.013, 1.000, -0.019, -0.250, 0.869, -0.002, 0.496, -10.214, 0.000, 0.000, 0.000, 1.000,  122 6 11 18 22 6 -255.691 -80.6735 -1643.51 -74.8553 0.733948 -1662.88 -138.432 146.891 -1646.47 
-56 82.3188 0.00141907 0.000488281 -55.9986 -0 -0.832, -0.018, 0.555, -31.495, -0.425, 0.000,0.555, -0.022, -0.832, -18.182, 0.013, 1.000, -0.018, -0.135, 0.832, -0.000, 0.555, -8.880, 0.000, 0.000, 0.000, 1.000,  122 6 11 18 22 13 -254.12 -87.6261 -1644.17 -79.2159 6.18189 -1661.75 -152.749 147.464 -1644.26 
-52 82.3188 0.000732422 -0 -51.9996 -0 -0.791, -0.016, 0.612, -27.180, -0.320, 0.000,0.612, -0.021, -0.791, -17.248, 0.012, 1.000, -0.016, -0.115, 0.791, 0.000, 0.612, -7.682, 0.000, 0.000, 0.000, 1.000,  122 6 11 18 22 19 -251.975 -94.4611 -1644.97 -83.916 11.3922 -1660.7 -167.125 147.061 -1642.13 
-48 82.3188 0.00141907 -0.000488281 -47.9988 -0.000223007 -0.746, -0.015, 0.666, -23.586, -0.192, 0.000,0.665, -0.019, -0.746, -16.238, 0.012, 1.000, -0.015, -0.042, 0.746, 0.001, 0.666, -6.554, 0.000, 0.000, 0.000, 1.000,  122 6 11 18 22 25 -249.364 -101.107 -1645.79 -88.9482 16.2404 -1659.56 -181.4 145.658 -1640.11 
-44 82.3188 0.00141907 0.00146484 -43.9998 -0 -0.698, -0.013, 0.716, -20.540, -0.120, 0.000,0.716, -0.018, -0.698, -15.198, 0.012, 1.000, -0.013, -0.019, 0.698, 0.001, 0.716, -5.480, 0.000, 0.000, 0.000, 1.000,  122 6 11 18 22 31 -246.331 -107.484 -1646.67 -94.3157 20.7583 -1658.48 -195.525 143.302 -1638.13 
-40 82.3188 0.00141907 -0 -39.999 -0 -0.647, -0.012, 0.763, -17.868, -0.068, 0.000,0.763, -0.016, -0.647, -14.063, 0.011, 1.000, -0.012, 0.001, 0.647, 0.002, 0.763, -4.490, 0.000, 0.000, 0.000, 1.000,  122 6 11 18 22 37 -242.868 -113.635 -1647.65 -99.9674 24.8459 -1657.35 -209.431 139.943 -1636.28 
-36 82.3188 0.00141907 -0 -36.0018 -0 -0.592, -0.011, 0.806, -15.496, -0.019, 0.000,0.806, -0.015, -0.592, -12.853, 0.010, 1.000, -0.011, 0.028, 0.592, 0.002, 0.806, -3.601, 0.000, 0.000, 0.000, 1.000,  122 6 11 18 22 43 -238.947 -119.56 -1648.65 -105.891 28.5354 -1656.21 -223.122 135.597 -1634.6 
