0 1557.73 0.000411987 -0.000488281 -0 0.00156104 -0.000, 0.000, 1.000, -0.003, 0.008, 0.000,1.000, 0.000, -0.000, -0.003, -0.000, 1.000, 0.000, 0.008, 0.000, -0.000, 1.000, -0.005, 0.000, 0.000, 0.000, 1.000,  122 4 3 19 4 5 147.919 -18.1386 -1556.67 119.711 179.327 -1543.08 -17.7771 -44.0304 -1528.75 
-30 1557.73 -29.9998 -0 -0 -0.000446015 0.004, -0.000, 1.000, 201.713, -55.029, 0.000,0.865, 0.503, 0.004, 201.715, -0.503, 0.865, -0.000, -55.030, -0.003, -0.002, 1.000, 0.444, 0.000, 0.000, 0.000, 1.000,  122 4 3 19 4 14 156.202 -199.623 -1673.13 148.489 -33.0432 -1562.21 -9.57484 -225.695 -1645.14 
-29 1557.73 -28.9994 0.000488281 -0 -0.00289911 0.004, -0.000, 1.000, 195.615, -51.556, 0.000,0.873, 0.487, 0.004, 195.616, -0.487, 0.873, -0.000, -51.556, -0.003, -0.002, 1.000, 0.429, 0.000, 0.000, 0.000, 1.000,  122 4 3 19 4 20 156.33 -194.665 -1667.84 147.867 -26.2485 -1559.83 -9.44253 -220.72 -1639.82 
-28 1557.73 -27.9996 -0 -0 -0.000446015 0.004, 0.000, 1.000, 189.393, -48.154, 0.000,0.882, 0.472, 0.004, 189.394, -0.472, 0.882, 0.000, -48.154, -0.003, -0.002, 1.000, 0.413, 0.000, 0.000, 0.000, 1.000,  122 4 3 19 4 26 156.427 -189.556 -1662.61 147.22 -19.3552 -1557.53 -9.33977 -215.619 -1634.52 
-27 1557.73 -26.9999 -0 -0 0.00379109 0.003, 0.000, 1.000, 183.196, -44.862, 0.000,0.890, 0.456, 0.003, 183.197, -0.456, 0.890, 0.000, -44.862, -0.003, -0.002, 1.000, 0.407, 0.000, 0.000, 0.000, 1.000,  122 4 3 19 4 32 156.49 -184.441 -1657.46 146.557 -12.5101 -1555.36 -9.26649 -210.489 -1629.44 
-26 1557.73 -25.9994 0.000488281 -0 0.00356809 0.003, 0.000, 1.000, 176.879, -41.701, 0.000,0.898, 0.440, 0.003, 176.881, -0.440, 0.898, 0.000, -41.701, -0.003, -0.002, 1.000, 0.391, 0.000, 0.000, 0.000, 1.000,  122 4 3 19 4 38 156.531 -179.176 -1652.39 145.854 -5.5661 -1553.35 -9.22687 -205.219 -1624.33 
-25 1557.73 -24.9997 0.000488281 -0 -0.00178406 0.003, 0.001, 1.000, 170.557, -38.655, 0.000,0.905, 0.425, 0.003, 170.558, -0.425, 0.905, 0.001, -38.654, -0.003, -0.002, 1.000, 0.377, 0.000, 0.000, 0.000, 1.000,  122 4 3 19 4 44 156.537 -173.874 -1647.46 145.142 1.36335 -1551.43 -9.20739 -199.903 -1619.35 
-24 1557.73 -23.9999 -0 -0 0.00133804 0.003, 0.001, 1.000, 164.145, -35.712, 0.000,0.913, 0.409, 0.003, 164.146, -0.409, 0.913, 0.001, -35.711, -0.002, -0.002, 1.000, 0.358, 0.000, 0.000, 0.000, 1.000,  122 4 3 19 4 50 156.532 -168.445 -1642.59 144.39 8.35281 -1549.65 -9.22256 -194.476 -1614.52 
-23 1557.73 -22.9995 -0 -0 -0.00245309 0.003, 0.001, 1.000, 157.682, -32.815, 0.000,0.920, 0.392, 0.003, 157.683, -0.392, 0.920, 0.001, -32.815, -0.002, -0.002, 1.000, 0.361, 0.000, 0.000, 0.000, 1.000,  122 4 3 19 4 56 156.482 -162.949 -1637.76 143.61 15.3719 -1547.9 -9.26423 -188.967 -1609.7 
-22 1557.73 -21.999 -0 -0 0.000892027 0.002, 0.001, 1.000, 151.176, -30.113, 0.000,0.927, 0.376, 0.002, 151.176, -0.376, 0.927, 0.001, -30.113, -0.002, -0.002, 1.000, 0.338, 0.000, 0.000, 0.000, 1.000,  122 4 3 19 5 2 156.41 -157.368 -1633.07 142.824 22.4188 -1546.39 -9.33618 -183.387 -1605.04 
-21 1557.73 -21 0.000976562 -0 0.00267607 0.003, 0.001, 1.000, 144.633, -27.516, 0.000,0.933, 0.360, 0.003, 144.634, -0.360, 0.933, 0.001, -27.516, -0.002, -0.002, 1.000, 0.325, 0.000, 0.000, 0.000, 1.000,  122 4 3 19 5 8 156.315 -151.722 -1628.53 141.993 29.4762 -1544.94 -9.43031 -177.726 -1600.45 
-20 1557.73 -19.9995 -0 -0 -0.00245309 0.002, 0.001, 1.000, 138.045, -25.002, 0.000,0.939, 0.343, 0.002, 138.046, -0.343, 0.939, 0.001, -25.002, -0.002, -0.001, 1.000, 0.316, 0.000, 0.000, 0.000, 1.000,  122 4 3 19 5 14 156.179 -145.998 -1624 141.154 36.5521 -1543.62 -9.55363 -171.993 -1595.97 
-19 1557.73 -18.9998 0.000488281 -0 0.00267607 0.002, 0.001, 1.000, 131.389, -22.587, 0.000,0.945, 0.327, 0.002, 131.390, -0.327, 0.945, 0.001, -22.587, -0.002, -0.001, 1.000, 0.310, 0.000, 0.000, 0.000, 1.000,  122 4 3 19 5 20 156.023 -140.171 -1619.59 140.276 43.6669 -1542.38 -9.70403 -166.177 -1591.59 
-18 1557.73 -18 -0 -0 -0.00200707 0.002, 0.001, 1.000, 124.761, -20.328, 0.000,0.951, 0.310, 0.002, 124.762, -0.310, 0.951, 0.001, -20.328, -0.002, -0.001, 1.000, 0.292, 0.000, 0.000, 0.000, 1.000,  122 4 3 19 5 26 155.844 -134.342 -1615.35 139.401 50.7408 -1541.28 -9.8808 -160.328 -1587.32 
-17 1557.73 -16.9996 -0 -0 -0.000446015 0.002, 0.001, 1.000, 118.005, -18.178, 0.000,0.956, 0.293, 0.002, 118.005, -0.293, 0.956, 0.001, -18.178, -0.002, -0.001, 1.000, 0.274, 0.000, 0.000, 0.000, 1.000,  122 4 3 19 5 32 155.638 -128.354 -1611.14 138.477 57.9191 -1540.34 -10.096 -154.337 -1583.16 
-16 1557.73 -15.9998 -0.000488281 -0 0.00267607 0.002, 0.001, 1.000, 111.286, -16.160, 0.000,0.961, 0.277, 0.002, 111.286, -0.277, 0.961, 0.001, -16.160, -0.001, -0.001, 1.000, 0.261, 0.000, 0.000, 0.000, 1.000,  122 4 3 19 5 38 155.396 -122.366 -1607.08 137.542 65.0339 -1539.53 -10.327 -148.333 -1579.07 
-15 1557.73 -15 0.000488281 -0 0.00289907 0.002, 0.001, 1.000, 104.484, -14.227, 0.000,0.966, 0.260, 0.002, 104.484, -0.260, 0.966, 0.001, -14.227, -0.001, -0.001, 1.000, 0.239, 0.000, 0.000, 0.000, 1.000,  122 4 3 19 5 44 155.141 -116.264 -1603.12 136.588 72.2082 -1538.77 -10.5906 -142.236 -1575.12 
-14 1557.73 -13.9996 -0 -0 -0.00490621 0.002, 0.001, 1.000, 97.672, -12.448, 0.000,0.970, 0.243, 0.002, 97.672, -0.243, 0.970, 0.001, -12.447, -0.001, -0.001, 1.000, 0.224, 0.000, 0.000, 0.000, 1.000,  122 4 3 19 5 50 154.845 -110.117 -1599.27 135.605 79.3689 -1538.19 -10.883 -136.078 -1571.26 
-13 1557.73 -12.9998 0.000976562 -0 -0.00133805 0.001, 0.000, 1.000, 90.793, -10.721, 0.000,0.974, 0.226, 0.001, 90.793, -0.226, 0.974, 0.000, -10.721, -0.001, -0.001, 1.000, 0.218, 0.000, 0.000, 0.000, 1.000,  122 4 3 19 5 56 154.525 -103.869 -1595.43 134.592 86.5617 -1537.7 -11.2003 -129.839 -1567.5 
-12 1557.73 -11.9994 -0.000976562 -0 0.00535211 0.001, 0.000, 1.000, 83.920, -9.197, 0.000,0.978, 0.209, 0.001, 83.920, -0.209, 0.978, 0.000, -9.197, -0.001, -0.001, 1.000, 0.200, 0.000, 0.000, 0.000, 1.000,  122 4 3 19 6 2 154.171 -97.5873 -1591.81 133.567 93.7304 -1537.4 -11.5494 -123.555 -1563.85 
-11 1557.73 -10.9996 0.000488281 -0 -0.00512922 0.001, 0.000, 1.000, 77.022, -7.757, 0.000,0.981, 0.192, 0.001, 77.023, -0.192, 0.981, 0.000, -7.757, -0.001, -0.001, 1.000, 0.180, 0.000, 0.000, 0.000, 1.000,  122 4 3 19 6 8 153.804 -91.2571 -1588.26 132.524 100.907 -1537.18 -11.9142 -117.215 -1560.32 
-10 1557.73 -9.99989 -0 -0 0.00245307 0.001, -0.000, 1.000, 70.076, -6.434, 0.000,0.985, 0.174, 0.001, 70.076, -0.174, 0.985, -0.000, -6.434, -0.001, -0.000, 1.000, 0.166, 0.000, 0.000, 0.000, 1.000,  122 4 3 19 6 14 153.396 -84.8375 -1584.77 131.456 108.099 -1537.13 -12.3202 -110.805 -1556.91 
-9 1557.73 -8.99945 -0.000488281 -0.00175781 -0.00156106 0.001, 0.000, 1.000, 63.173, -5.275, 0.000,0.988, 0.157, 0.001, 63.173, -0.157, 0.988, 0.000, -5.275, -0.001, -0.000, 1.000, 0.142, 0.000, 0.000, 0.000, 1.000,  122 4 3 19 6 20 152.975 -78.426 -1581.53 130.375 115.232 -1537.15 -12.7404 -104.375 -1553.59 
-8 1557.73 -7.99969 0.000488281 -0 0.00557511 0.001, -0.000, 1.000, 56.177, -4.151, 0.000,0.990, 0.139, 0.001, 56.177, -0.139, 0.990, -0.000, -4.151, -0.001, 0.000, 1.000, 0.139, 0.000, 0.000, 0.000, 1.000,  122 4 3 19 6 26 152.513 -71.8985 -1578.22 129.257 122.427 -1537.3 -13.1944 -97.8376 -1550.37 
-7 1557.73 -7.00063 -0.000488281 -0 0.00312208 0.001, -0.000, 1.000, 49.220, -3.214, 0.000,0.992, 0.122, 0.001, 49.220, -0.122, 0.992, -0.000, -3.214, -0.001, 0.000, 1.000, 0.115, 0.000, 0.000, 0.000, 1.000,  122 4 3 19 6 32 152.032 -65.361 -1575.17 128.144 129.559 -1537.57 -13.6765 -91.2896 -1547.33 
-6 1557.73 -5.9995 -0.000488281 -0 0.0042371 0.000, -0.000, 1.000, 42.181, -2.385, 0.000,0.994, 0.105, 0.000, 42.181, -0.105, 0.994, -0.000, -2.385, -0.000, 0.000, 1.000, 0.098, 0.000, 0.000, 0.000, 1.000,  122 4 3 19 6 39 151.523 -58.717 -1572.15 126.986 136.752 -1538 -14.1808 -84.6486 -1544.32 
-5 1557.73 -4.99974 -0.000488281 -0 0.00646711 0.000, -0.000, 1.000, 35.183, -1.704, 0.000,0.996, 0.088, 0.000, 35.183, -0.088, 0.996, -0.000, -1.704, -0.000, 0.000, 1.000, 0.075, 0.000, 0.000, 0.000, 1.000,  122 4 3 19 6 45 150.988 -52.0744 -1569.33 125.824 143.881 -1538.55 -14.7212 -77.9906 -1541.47 
-4 1557.73 -3.99998 0.000488281 -0 0.00223006 0.000, -0.000, 1.000, 28.157, -1.140, 0.000,0.998, 0.070, 0.000, 28.157, -0.070, 0.998, -0.000, -1.140, -0.000, 0.000, 1.000, 0.055, 0.000, 0.000, 0.000, 1.000,  122 4 3 19 6 51 150.424 -45.3636 -1566.58 124.64 151.008 -1539.24 -15.278 -71.2711 -1538.7 
-3 1557.73 -2.99954 -0 -0 0.00289907 0.000, 0.000, 1.000, 21.121, -0.695, 0.000,0.999, 0.052, 0.000, 21.121, -0.052, 0.999, 0.000, -0.695, -0.000, -0.000, 1.000, 0.032, 0.000, 0.000, 0.000, 1.000,  122 4 3 19 6 57 149.84 -38.6185 -1563.94 123.436 158.13 -1540.05 -15.8724 -64.5201 -1536 
-2 1557.73 -1.9991 -0 -0 0.00267607 0.000, -0.000, 1.000, 14.090, -0.315, 0.000,0.999, 0.035, 0.000, 14.090, -0.035, 0.999, -0.000, -0.315, -0.000, 0.000, 1.000, 0.024, 0.000, 0.000, 0.000, 1.000,  122 4 3 19 7 3 149.224 -31.8355 -1561.37 122.215 165.205 -1540.92 -16.4807 -57.7357 -1533.51 
-1 1557.73 -0.999344 -0 -0 0.00245307 -0.000, -0.000, 1.000, 7.012, -0.130, 0.000,1.000, 0.017, -0.000, 7.012, -0.017, 1.000, -0.000, -0.130, 0.000, 0.000, 1.000, 0.002, 0.000, 0.000, 0.000, 1.000,  122 4 3 19 7 9 148.576 -24.9794 -1558.96 120.973 172.319 -1542.01 -17.1161 -50.8622 -1531.05 
0 1557.73 0.000411987 -0.000976562 -0 0.00312208 -0.000, 0.000, 1.000, -0.004, 0.012, 0.000,1.000, 0.000, -0.000, -0.004, -0.000, 1.000, 0.000, 0.012, 0.000, -0.000, 1.000, -0.010, 0.000, 0.000, 0.000, 1.000,  122 4 3 19 7 15 147.919 -18.1381 -1556.67 119.721 179.328 -1543.07 -17.7769 -44.0226 -1528.74 
1 1557.73 0.999481 -0.000488281 -0 -0.00356814 -0.000, 0.000, 1.000, -7.081, -0.030, 0.000,1.000, -0.018, -0.000, -7.081, 0.018, 1.000, 0.000, -0.030, 0.000, -0.000, 1.000, -0.029, 0.000, 0.000, 0.000, 1.000,  122 4 3 19 7 21 147.227 -11.2045 -1554.49 118.44 186.384 -1544.38 -18.4674 -37.0712 -1526.56 
2 1557.73 2.0013 -0.000488281 -0 0.00535211 -0.000, -0.000, 1.000, -14.094, -0.175, 0.000,0.999, -0.035, -0.000, -14.094, 0.035, 0.999, -0.000, -0.175, 0.000, 0.000, 1.000, -0.041, 0.000, 0.000, 0.000, 1.000,  122 4 3 19 7 27 146.51 -4.29895 -1552.45 117.15 193.347 -1545.76 -19.1845 -30.1556 -1524.54 
3 1557.73 3.00037 0.000488281 -0 -0.00379115 -0.000, -0.000, 1.000, -21.172, -0.470, 0.000,0.999, -0.053, -0.000, -21.172, 0.053, 0.999, -0.000, -0.470, 0.000, 0.000, 1.000, -0.069, 0.000, 0.000, 0.000, 1.000,  122 4 3 19 7 33 145.769 2.71198 -1550.5 115.848 200.353 -1547.33 -19.9252 -23.1484 -1522.6 
4 1557.73 4.00012 -0 -0 -0.000669023 -0.000, -0.000, 1.000, -28.186, -0.865, 0.000,0.998, -0.070, -0.000, -28.186, 0.070, 0.998, -0.000, -0.865, 0.000, 0.000, 1.000, -0.084, 0.000, 0.000, 0.000, 1.000,  122 4 3 19 7 39 145.007 9.68252 -1548.71 114.521 207.275 -1548.96 -20.6886 -16.1691 -1520.77 
5 1557.73 5.00056 -0.000488281 -0 -0.00423718 -0.000, -0.000, 1.000, -35.243, -1.363, 0.000,0.996, -0.087, -0.000, -35.243, 0.087, 0.996, -0.000, -1.363, 0.000, 0.000, 1.000, -0.098, 0.000, 0.000, 0.000, 1.000,  122 4 3 19 7 45 144.215 16.7458 -1547.02 113.178 214.198 -1550.67 -21.4797 -9.09312 -1519.09 
6 1557.73 6.00032 -0 -0 -0.00133805 -0.000, 0.000, 1.000, -42.242, -1.998, 0.000,0.995, -0.104, -0.000, -42.242, 0.104, 0.995, 0.000, -1.998, 0.000, -0.000, 1.000, -0.116, 0.000, 0.000, 0.000, 1.000,  122 4 3 19 7 51 143.406 23.7746 -1545.47 111.827 221.054 -1552.52 -22.2848 -2.05342 -1517.51 
7 1557.73 7.00008 -0.000488281 -0 -0.00669032 -0.001, 0.000, 1.000, -49.236, -2.762, 0.000,0.993, -0.122, -0.001, -49.236, 0.122, 0.993, 0.000, -2.762, 0.001, -0.000, 1.000, -0.136, 0.000, 0.000, 0.000, 1.000,  122 4 3 19 7 57 142.566 30.8421 -1544.01 110.469 227.874 -1554.54 -23.1236 5.01456 -1516.04 
8 1557.73 8.00052 0.000488281 -0 -0.00200707 -0.001, 0.000, 1.000, -56.253, -3.651, 0.000,0.990, -0.139, -0.001, -56.253, 0.139, 0.990, 0.000, -3.651, 0.001, -0.000, 1.000, -0.151, 0.000, 0.000, 0.000, 1.000,  122 4 3 19 8 3 141.7 37.9655 -1542.72 109.078 234.693 -1556.63 -23.9884 12.1569 -1514.73 
9 1557.73 9.00027 -0 -0 -0.000669023 -0.001, 0.000, 1.000, -63.203, -4.641, 0.000,0.988, -0.157, -0.001, -63.203, 0.157, 0.988, 0.000, -4.641, 0.001, -0.000, 1.000, -0.167, 0.000, 0.000, 0.000, 1.000,  122 4 3 19 8 9 140.814 45.0517 -1541.48 107.691 241.425 -1558.88 -24.8638 19.2473 -1513.48 
10 1557.73 10 -0 -0 -0.00133805 -0.001, -0.000, 1.000, -70.184, -5.779, 0.000,0.985, -0.174, -0.001, -70.184, 0.174, 0.985, -0.000, -5.779, 0.001, -0.000, 1.000, -0.185, 0.000, 0.000, 0.000, 1.000,  122 4 3 19 8 15 139.902 52.2123 -1540.42 106.276 248.157 -1561.24 -25.7691 26.4219 -1512.45 
11 1557.73 11.0012 -0 -0 0.00401409 -0.001, 0.000, 1.000, -77.096, -7.032, 0.000,0.982, -0.190, -0.001, -77.096, 0.190, 0.982, 0.000, -7.032, 0.001, -0.000, 1.000, -0.204, 0.000, 0.000, 0.000, 1.000,  122 4 3 19 8 21 138.978 59.3352 -1539.52 104.854 254.801 -1563.67 -26.705 33.5608 -1511.51 
12 1557.73 12.0002 0.000488281 -0 -0.00356814 -0.001, 0.000, 1.000, -84.054, -8.385, 0.000,0.978, -0.208, -0.001, -84.054, 0.208, 0.978, 0.000, -8.385, 0.001, -0.000, 1.000, -0.222, 0.000, 0.000, 0.000, 1.000,  122 4 3 19 8 27 138.028 66.5496 -1538.68 103.41 261.454 -1566.23 -27.6621 40.7638 -1510.64 
13 1557.73 13.0007 -0 -0 -0.0046832 -0.001, 0.000, 1.000, -90.917, -9.888, 0.000,0.974, -0.225, -0.001, -90.916, 0.225, 0.974, 0.000, -9.888, 0.001, -0.000, 1.000, -0.244, 0.000, 0.000, 0.000, 1.000,  122 4 3 19 8 33 137.051 73.69 -1537.96 101.974 268.005 -1568.99 -28.6339 47.9202 -1509.92 
14 1557.73 14.0004 -0.000488281 -0 0.00200706 -0.001, 0.000, 1.000, -97.789, -11.515, 0.000,0.970, -0.242, -0.001, -97.789, 0.242, 0.970, 0.000, -11.515, 0.001, -0.001, 1.000, -0.269, 0.000, 0.000, 0.000, 1.000,  122 4 3 19 8 39 136.055 80.8835 -1537.41 100.517 274.535 -1571.82 -29.626 55.1231 -1509.36 
15 1557.73 15.0002 -0 -0 -0.00356814 -0.001, 0.001, 1.000, -104.599, -13.257, 0.000,0.966, -0.258, -0.001, -104.598, 0.258, 0.966, 0.001, -13.257, 0.001, -0.001, 1.000, -0.292, 0.000, 0.000, 0.000, 1.000,  122 4 3 19 8 45 135.041 88.0426 -1537 99.0534 280.983 -1574.73 -30.6463 62.2888 -1508.9 
16 1557.73 16.0013 -0 -0 -0.00289911 -0.001, 0.001, 1.000, -111.408, -15.111, 0.000,0.961, -0.275, -0.001, -111.408, 0.275, 0.961, 0.001, -15.111, 0.001, -0.001, 1.000, -0.315, 0.000, 0.000, 0.000, 1.000,  122 4 3 19 8 51 134.001 95.2384 -1536.68 97.5759 287.405 -1577.78 -31.6845 69.5073 -1508.56 
17 1557.73 17.0004 -0.000488281 -0 0.00267607 -0.001, 0.001, 1.000, -118.191, -17.109, 0.000,0.956, -0.292, -0.001, -118.190, 0.292, 0.956, 0.001, -17.109, 0.001, -0.001, 1.000, -0.336, 0.000, 0.000, 0.000, 1.000,  122 4 3 19 8 57 132.943 102.446 -1536.48 96.0724 293.773 -1581 -32.7497 76.7134 -1508.36 
18 1557.73 18.0001 0.000488281 -0 -0.000669023 -0.001, 0.001, 1.000, -124.878, -19.183, 0.000,0.951, -0.308, -0.001, -124.877, 0.308, 0.951, 0.001, -19.183, 0.001, -0.001, 1.000, -0.352, 0.000, 0.000, 0.000, 1.000,  122 4 3 19 9 3 131.869 109.592 -1536.48 94.5757 300.02 -1584.18 -33.828 83.8664 -1508.32 
19 1557.73 19.0006 -0 -0 0.000892027 -0.001, 0.001, 1.000, -131.613, -21.408, 0.000,0.946, -0.325, -0.001, -131.612, 0.325, 0.946, 0.001, -21.408, 0.001, -0.001, 1.000, -0.377, 0.000, 0.000, 0.000, 1.000,  122 4 3 19 9 9 130.768 116.824 -1536.53 93.0565 306.29 -1587.61 -34.9322 91.1106 -1508.37 
20 1557.73 20.0003 -0.000488281 -0 -0.000446015 -0.001, 0.001, 1.000, -138.235, -23.731, 0.000,0.940, -0.341, -0.001, -138.235, 0.341, 0.940, 0.001, -23.732, 0.001, -0.001, 1.000, -0.398, 0.000, 0.000, 0.000, 1.000,  122 4 3 19 9 15 129.652 123.962 -1536.72 91.5422 312.44 -1591.1 -36.0562 98.255 -1508.53 
21 1557.73 21.0008 -0 -0 -0.00223008 -0.001, 0.001, 1.000, -144.891, -26.220, 0.000,0.934, -0.358, -0.001, -144.891, 0.358, 0.934, 0.001, -26.220, 0.001, -0.001, 1.000, -0.433, 0.000, 0.000, 0.000, 1.000,  122 4 3 19 9 21 128.509 131.185 -1537.06 90.0171 318.589 -1594.76 -37.2036 105.482 -1508.84 
22 1557.73 22.0005 -0 -0 -0.00312212 -0.001, 0.001, 1.000, -151.442, -28.793, 0.000,0.927, -0.374, -0.001, -151.442, 0.374, 0.927, 0.001, -28.794, 0.001, -0.001, 1.000, -0.458, 0.000, 0.000, 0.000, 1.000,  122 4 3 19 9 27 127.349 138.33 -1537.52 88.4898 324.613 -1598.48 -38.3647 112.638 -1509.31 
23 1557.73 23.001 -0.000488281 -0 0.00289907 -0.001, 0.001, 1.000, -157.994, -31.489, 0.000,0.921, -0.390, -0.001, -157.993, 0.390, 0.921, 0.001, -31.489, 0.001, -0.001, 1.000, -0.479, 0.000, 0.000, 0.000, 1.000,  122 4 3 19 9 33 126.166 145.511 -1538.09 86.9344 330.613 -1602.33 -39.5495 119.832 -1509.89 
24 1557.73 24 -0.000976562 -0 -0.00289911 -0.001, 0.001, 1.000, -164.432, -34.312, 0.000,0.914, -0.406, -0.001, -164.431, 0.406, 0.914, 0.001, -34.313, 0.001, -0.001, 1.000, -0.518, 0.000, 0.000, 0.000, 1.000,  122 4 3 19 9 39 124.985 152.603 -1538.82 85.4015 336.492 -1606.3 -40.7478 126.927 -1510.62 
25 1557.73 25.0005 -0 -0 0.00401409 -0.001, 0.001, 1.000, -170.854, -37.181, 0.000,0.907, -0.422, -0.001, -170.854, 0.422, 0.907, 0.001, -37.181, 0.001, -0.001, 1.000, -0.537, 0.000, 0.000, 0.000, 1.000,  122 4 3 19 9 45 123.77 159.726 -1539.62 83.8495 342.309 -1610.28 -41.9629 134.067 -1511.45 
26 1557.73 25.9996 -0 -0 0.000223007 -0.001, 0.001, 1.000, -177.252, -40.203, 0.000,0.899, -0.437, -0.001, -177.251, 0.437, 0.899, 0.001, -40.204, 0.001, -0.001, 1.000, -0.565, 0.000, 0.000, 0.000, 1.000,  122 4 3 19 9 51 122.538 166.856 -1540.58 82.2878 348.085 -1614.4 -43.2131 141.209 -1512.42 
27 1557.73 27 0.000488281 -0 0.000892027 -0.001, 0.000, 1.000, -183.525, -43.325, 0.000,0.892, -0.453, -0.001, -183.524, 0.453, 0.892, 0.000, -43.325, 0.001, -0.001, 1.000, -0.594, 0.000, 0.000, 0.000, 1.000,  122 4 3 19 9 57 121.298 173.885 -1541.67 80.7368 353.724 -1618.62 -44.4559 148.253 -1513.55 
28 1557.73 27.9998 -0.000488281 -0 -0.00111504 -0.001, 0.000, 1.000, -189.860, -46.613, 0.000,0.883, -0.469, -0.001, -189.860, 0.469, 0.883, 0.000, -46.613, 0.001, -0.001, 1.000, -0.620, 0.000, 0.000, 0.000, 1.000,  122 4 3 19 10 3 120.029 181.021 -1542.88 79.1361 359.394 -1623.02 -45.7477 155.396 -1514.77 
29 1557.73 29.0002 0.000488281 -0 0.00178405 -0.001, 0.000, 1.000, -196.007, -49.941, 0.000,0.875, -0.484, -0.001, -196.006, 0.484, 0.875, 0.000, -49.941, 0.001, -0.001, 1.000, -0.643, 0.000, 0.000, 0.000, 1.000,  122 4 3 19 10 9 118.753 187.992 -1544.22 77.5736 364.858 -1627.41 -47.0258 162.374 -1516.12 
30 1557.73 30.0006 -0.000488281 -0 -0.000669023 -0.001, 0.000, 1.000, -202.186, -53.414, 0.000,0.867, -0.499, -0.001, -202.185, 0.499, 0.867, 0.000, -53.414, 0.001, -0.001, 1.000, -0.673, 0.000, 0.000, 0.000, 1.000,  122 4 3 19 10 15 117.455 195.033 -1545.67 75.9882 370.331 -1631.97 -48.33 169.436 -1517.6 
30 1557.73 30.0006 -0 -0 -0.000446015 -0.001, 0.000, 1.000, -202.187, -53.405, 0.000,0.867, -0.499, -0.001, -202.186, 0.499, 0.867, 0.000, -53.405, 0.001, -0.001, 1.000, -0.668, 0.000, 0.000, 0.000, 1.000,  122 4 3 19 10 18 117.45 195.032 -1545.64 75.9858 370.332 -1631.97 -48.3303 169.438 -1517.61 
29 1557.73 29.0009 -0 -0 -0.00089203 -0.001, 0.000, 1.000, -196.008, -49.937, 0.000,0.875, -0.483, -0.001, -196.008, 0.483, 0.875, 0.000, -49.937, 0.001, -0.001, 1.000, -0.641, 0.000, 0.000, 0.000, 1.000,  122 4 3 19 10 21 118.752 187.994 -1544.22 77.5716 364.858 -1627.4 -47.0264 162.377 -1516.11 
28 1557.73 28.0004 -0 -0 -0.000223007 -0.001, 0.000, 1.000, -189.856, -46.615, 0.000,0.883, -0.469, -0.001, -189.856, 0.469, 0.883, 0.000, -46.615, 0.001, -0.001, 1.000, -0.623, 0.000, 0.000, 0.000, 1.000,  122 4 3 19 10 24 120.026 181.017 -1542.88 79.144 359.392 -1623.03 -45.7469 155.397 -1514.78 
27 1557.73 26.9993 0.000488281 -0 0.00223006 -0.001, 0.000, 1.000, -183.521, -43.328, 0.000,0.892, -0.453, -0.001, -183.520, 0.453, 0.892, 0.000, -43.328, 0.001, -0.001, 1.000, -0.596, 0.000, 0.000, 0.000, 1.000,  122 4 3 19 10 27 121.298 173.883 -1541.68 80.7403 353.72 -1618.61 -44.4565 148.248 -1513.55 
26 1557.73 26.0009 -0.000488281 -0 -0.00579826 -0.001, 0.001, 1.000, -177.248, -40.198, 0.000,0.899, -0.437, -0.001, -177.247, 0.437, 0.899, 0.001, -40.198, 0.001, -0.001, 1.000, -0.562, 0.000, 0.000, 0.000, 1.000,  122 4 3 19 10 30 122.536 166.85 -1540.57 82.2875 348.081 -1614.4 -43.2136 141.205 -1512.42 
25 1557.73 25.0005 0.000976562 -0 -0.00245309 -0.001, 0.001, 1.000, -170.849, -37.167, 0.000,0.907, -0.422, -0.001, -170.848, 0.422, 0.907, 0.001, -37.167, 0.001, -0.001, 1.000, -0.533, 0.000, 0.000, 0.000, 1.000,  122 4 3 19 10 32 123.768 159.718 -1539.6 83.8512 342.304 -1610.27 -41.9631 134.062 -1511.44 
24 1557.73 24.0007 -0 -0 0.00111503 -0.001, 0.001, 1.000, -164.430, -34.316, 0.000,0.914, -0.406, -0.001, -164.430, 0.406, 0.914, 0.001, -34.316, 0.001, -0.001, 1.000, -0.519, 0.000, 0.000, 0.000, 1.000,  122 4 3 19 10 35 124.986 152.605 -1538.83 85.4011 336.488 -1606.3 -40.7495 126.927 -1510.62 
23 1557.73 23.001 -0 -0 0.00356809 -0.001, 0.001, 1.000, -157.994, -31.480, 0.000,0.921, -0.390, -0.001, -157.994, 0.390, 0.921, 0.001, -31.481, 0.001, -0.001, 1.000, -0.479, 0.000, 0.000, 0.000, 1.000,  122 4 3 19 10 38 126.166 145.51 -1538.08 86.9371 330.614 -1602.32 -39.5494 119.834 -1509.89 
22 1557.73 22.0005 0.000488281 -0 -0.00379115 -0.001, 0.001, 1.000, -151.436, -28.792, 0.000,0.927, -0.374, -0.001, -151.436, 0.374, 0.927, 0.001, -28.792, 0.001, -0.001, 1.000, -0.461, 0.000, 0.000, 0.000, 1.000,  122 4 3 19 10 41 127.351 138.323 -1537.5 88.4947 324.61 -1598.5 -38.3591 112.631 -1509.31 
21 1557.73 21.0008 0.000488281 -0 0.000892027 -0.001, 0.001, 1.000, -144.890, -26.215, 0.000,0.934, -0.358, -0.001, -144.889, 0.358, 0.934, 0.001, -26.215, 0.001, -0.001, 1.000, -0.434, 0.000, 0.000, 0.000, 1.000,  122 4 3 19 10 44 128.513 131.187 -1537.07 90.0179 318.585 -1594.74 -37.2032 105.483 -1508.86 
20 1557.73 19.9996 -0.000976562 -0 -0.00156106 -0.001, 0.001, 1.000, -138.229, -23.734, 0.000,0.940, -0.341, -0.001, -138.228, 0.341, 0.940, 0.001, -23.734, 0.001, -0.001, 1.000, -0.401, 0.000, 0.000, 0.000, 1.000,  122 4 3 19 10 47 129.652 123.955 -1536.72 91.5502 312.435 -1591.1 -36.0537 98.25 -1508.54 
19 1557.73 19.0006 0.000488281 -0 -0.000669023 -0.001, 0.001, 1.000, -131.606, -21.407, 0.000,0.946, -0.325, -0.001, -131.606, 0.325, 0.946, 0.001, -21.408, 0.001, -0.001, 1.000, -0.381, 0.000, 0.000, 0.000, 1.000,  122 4 3 19 10 49 130.772 116.82 -1536.54 93.0615 306.282 -1587.59 -34.9308 91.1056 -1508.38 
18 1557.73 18.0015 -0 -0 -0.00133805 -0.001, 0.001, 1.000, -124.876, -19.174, 0.000,0.951, -0.308, -0.001, -124.876, 0.308, 0.951, 0.001, -19.175, 0.001, -0.001, 1.000, -0.354, 0.000, 0.000, 0.000, 1.000,  122 4 3 19 10 52 131.873 109.591 -1536.48 94.5781 300.017 -1584.17 -33.8236 83.8636 -1508.32 
17 1557.73 17.0018 0.000488281 -0 0.000446014 -0.001, 0.001, 1.000, -118.188, -17.096, 0.000,0.956, -0.292, -0.001, -118.188, 0.292, 0.956, 0.001, -17.096, 0.001, -0.001, 1.000, -0.335, 0.000, 0.000, 0.000, 1.000,  122 4 3 19 10 55 132.944 102.446 -1536.48 96.0752 293.767 -1580.98 -32.7463 76.7116 -1508.35 
16 1557.73 15.9999 -0 -0 -0.00334513 -0.001, 0.001, 1.000, -111.401, -15.106, 0.000,0.961, -0.275, -0.001, -111.401, 0.275, 0.961, 0.001, -15.106, 0.001, -0.001, 1.000, -0.316, 0.000, 0.000, 0.000, 1.000,  122 4 3 19 10 58 134.005 95.2323 -1536.68 97.5792 287.397 -1577.78 -31.6813 69.4995 -1508.56 
15 1557.73 15.0002 -0.000976562 -0 0.000446014 -0.001, 0.000, 1.000, -104.591, -13.236, 0.000,0.966, -0.258, -0.001, -104.591, 0.258, 0.966, 0.000, -13.236, 0.001, -0.001, 1.000, -0.292, 0.000, 0.000, 0.000, 1.000,  122 4 3 19 11 1 135.046 88.0363 -1536.99 99.0569 280.973 -1574.71 -30.6404 62.2822 -1508.91 
14 1557.73 14.0011 -0 -0 -0.00200707 -0.001, 0.000, 1.000, -97.786, -11.511, 0.000,0.970, -0.242, -0.001, -97.786, 0.242, 0.970, 0.000, -11.511, 0.001, -0.000, 1.000, -0.273, 0.000, 0.000, 0.000, 1.000,  122 4 3 19 11 4 136.061 80.8808 -1537.41 100.522 274.532 -1571.81 -29.6194 55.1213 -1509.36 
13 1557.73 13.0014 0.000488281 -0 -0.00446019 -0.001, 0.000, 1.000, -90.912, -9.899, 0.000,0.974, -0.225, -0.001, -90.912, 0.225, 0.974, 0.000, -9.899, 0.001, -0.000, 1.000, -0.253, 0.000, 0.000, 0.000, 1.000,  122 4 3 19 11 6 137.059 73.6862 -1537.97 101.98 268.003 -1569 -28.6279 47.9149 -1509.93 
12 1557.73 12.0009 0.000488281 -0 -0.0026761 -0.001, 0.000, 1.000, -84.047, -8.392, 0.000,0.978, -0.208, -0.001, -84.047, 0.208, 0.978, 0.000, -8.392, 0.001, -0.000, 1.000, -0.227, 0.000, 0.000, 0.000, 1.000,  122 4 3 19 11 9 138.031 66.54 -1538.69 103.416 261.451 -1566.25 -27.6583 40.7558 -1510.65 
11 1557.73 11.0012 -0.000488281 -0 0.00334508 -0.001, 0.000, 1.000, -77.096, -7.016, 0.000,0.982, -0.190, -0.001, -77.095, 0.190, 0.982, 0.000, -7.016, 0.001, -0.000, 1.000, -0.203, 0.000, 0.000, 0.000, 1.000,  122 4 3 19 11 12 138.981 59.338 -1539.52 104.855 254.796 -1563.64 -26.6993 33.5603 -1511.52 
10 1557.73 10 0.000488281 -0 0.00267607 -0.001, -0.000, 1.000, -70.179, -5.786, 0.000,0.985, -0.174, -0.001, -70.179, 0.174, 0.985, -0.000, -5.786, 0.001, -0.000, 1.000, -0.190, 0.000, 0.000, 0.000, 1.000,  122 4 3 19 11 15 139.906 52.2074 -1540.42 106.282 248.154 -1561.25 -25.7647 26.4149 -1512.45 
9 1557.73 9.00027 -0.000488281 -0 0.000892027 -0.001, 0.000, 1.000, -63.196, -4.640, 0.000,0.988, -0.157, -0.001, -63.196, 0.157, 0.988, 0.000, -4.640, 0.001, -0.000, 1.000, -0.173, 0.000, 0.000, 0.000, 1.000,  122 4 3 19 11 18 140.819 45.0438 -1541.47 107.7 241.421 -1558.89 -24.8584 19.2391 -1513.49 
8 1557.73 8.00052 0.000488281 -0 0.0046831 -0.001, 0.000, 1.000, -56.251, -3.648, 0.000,0.990, -0.139, -0.001, -56.251, 0.139, 0.990, 0.000, -3.648, 0.001, -0.000, 1.000, -0.156, 0.000, 0.000, 0.000, 1.000,  122 4 3 19 11 21 141.705 37.9662 -1542.73 109.082 234.69 -1556.62 -23.9813 12.1528 -1514.75 
7 1557.73 7.00008 -0 -0 0.00178405 -0.001, -0.000, 1.000, -49.230, -2.755, 0.000,0.993, -0.122, -0.001, -49.230, 0.122, 0.993, -0.000, -2.755, 0.001, 0.000, 1.000, -0.142, 0.000, 0.000, 0.000, 1.000,  122 4 3 19 11 24 142.57 30.8355 -1543.99 110.48 227.87 -1554.55 -23.119 5.01234 -1516.07 
6 1557.73 6.00032 -0 -0 0.00111503 -0.000, 0.000, 1.000, -42.234, -1.987, 0.000,0.995, -0.104, -0.000, -42.234, 0.104, 0.995, 0.000, -1.987, 0.000, -0.000, 1.000, -0.118, 0.000, 0.000, 0.000, 1.000,  122 4 3 19 11 26 143.408 23.7686 -1545.46 111.835 221.044 -1552.51 -22.2824 -2.05742 -1517.51 
5 1557.73 5.00125 -0 -0 -0.00156106 -0.000, -0.000, 1.000, -35.242, -1.364, 0.000,0.996, -0.087, -0.000, -35.242, 0.087, 0.996, -0.000, -1.364, 0.000, -0.000, 1.000, -0.103, 0.000, 0.000, 0.000, 1.000,  122 4 3 19 11 29 144.219 16.7441 -1547.02 113.184 214.2 -1550.67 -21.474 -9.09426 -1519.08 
4 1557.73 3.99944 -0.000488281 -0 0.00512911 -0.000, -0.000, 1.000, -28.180, -0.866, 0.000,0.998, -0.070, -0.000, -28.180, 0.070, 0.998, -0.000, -0.866, 0.000, 0.000, 1.000, -0.091, 0.000, 0.000, 0.000, 1.000,  122 4 3 19 11 32 145.012 9.67872 -1548.72 114.531 207.268 -1548.95 -20.6824 -16.1744 -1520.78 
3 1557.73 3.00037 -0 -0 0.00200706 -0.000, -0.000, 1.000, -21.167, -0.478, 0.000,0.999, -0.053, -0.000, -21.167, 0.053, 0.999, -0.000, -0.478, 0.000, 0.000, 1.000, -0.080, 0.000, 0.000, 0.000, 1.000,  122 4 3 19 11 35 145.779 2.70556 -1550.52 115.856 200.353 -1547.34 -19.9177 -23.153 -1522.62 
2 1557.73 2.00061 0.000488281 -0 0.00312208 -0.000, -0.000, 1.000, -14.089, -0.187, 0.000,0.999, -0.035, -0.000, -14.089, 0.035, 0.999, -0.000, -0.187, 0.000, 0.000, 1.000, -0.052, 0.000, 0.000, 0.000, 1.000,  122 4 3 19 11 38 146.519 -4.30373 -1552.46 117.16 193.346 -1545.77 -19.1778 -30.162 -1524.55 
1 1557.73 1.00017 -0.000488281 -0 0.0046831 -0.000, 0.000, 1.000, -7.074, -0.028, 0.000,1.000, -0.018, -0.000, -7.074, 0.018, 1.000, 0.000, -0.028, 0.000, -0.000, 1.000, -0.035, 0.000, 0.000, 0.000, 1.000,  122 4 3 19 11 41 147.232 -11.2121 -1554.48 118.449 186.379 -1544.39 -18.4623 -37.0724 -1526.56 
0 1557.73 0.000411987 -0.000488281 -0 0.00401409 -0.000, -0.000, 1.000, 0.003, 0.012, 0.000,1.000, 0.000, -0.000, 0.003, -0.000, 1.000, -0.000, 0.012, 0.000, 0.000, 1.000, -0.015, 0.000, 0.000, 0.000, 1.000,  122 4 3 19 11 43 147.926 -18.1421 -1556.67 119.726 179.321 -1543.07 -17.7694 -44.0248 -1528.77 
-1 1557.73 -0.999344 -0 -0 0.000446014 -0.000, -0.000, 1.000, 7.018, -0.124, 0.000,1.000, 0.017, -0.000, 7.018, -0.017, 1.000, -0.000, -0.124, 0.000, 0.000, 1.000, -0.006, 0.000, 0.000, 0.000, 1.000,  122 4 3 19 11 46 148.585 -24.983 -1558.96 120.983 172.313 -1542 -17.1109 -50.8664 -1531.07 
-2 1557.73 -1.9991 -0 -0 -0.00156106 0.000, -0.000, 1.000, 14.090, -0.312, 0.000,0.999, 0.035, 0.000, 14.090, -0.035, 0.999, -0.000, -0.312, -0.000, 0.000, 1.000, 0.016, 0.000, 0.000, 0.000, 1.000,  122 4 3 19 11 49 149.23 -31.8368 -1561.36 122.225 165.207 -1540.92 -16.4742 -57.7337 -1533.51 
-3 1557.73 -2.99954 -0 -0 -0.000223007 0.000, 0.000, 1.000, 21.127, -0.699, 0.000,0.999, 0.052, 0.000, 21.127, -0.052, 0.999, 0.000, -0.699, -0.000, -0.000, 1.000, 0.024, 0.000, 0.000, 0.000, 1.000,  122 4 3 19 11 52 149.843 -38.6229 -1563.94 123.448 158.124 -1540.06 -15.8653 -64.523 -1536.01 
-4 1557.73 -3.99998 0.000488281 -0 -0.00156106 0.000, -0.000, 1.000, 28.164, -1.139, 0.000,0.998, 0.070, 0.000, 28.164, -0.070, 0.998, -0.000, -1.139, -0.000, 0.000, 1.000, 0.047, 0.000, 0.000, 0.000, 1.000,  122 4 3 19 11 55 150.429 -45.3693 -1566.57 124.652 151.001 -1539.24 -15.2758 -71.2729 -1538.7 
-5 1557.73 -4.99905 -0.000488281 -0 -0.000669023 0.000, -0.000, 1.000, 35.189, -1.704, 0.000,0.996, 0.088, 0.000, 35.189, -0.088, 0.996, -0.000, -1.704, -0.000, 0.000, 1.000, 0.066, 0.000, 0.000, 0.000, 1.000,  122 4 3 19 11 58 150.994 -52.0808 -1569.33 125.838 143.878 -1538.55 -14.7164 -77.9916 -1541.47 
-6 1557.73 -5.9995 -0 -0 -0.00089203 0.000, -0.000, 1.000, 42.182, -2.377, 0.000,0.994, 0.105, 0.000, 42.182, -0.105, 0.994, -0.000, -2.377, -0.000, 0.000, 1.000, 0.093, 0.000, 0.000, 0.000, 1.000,  122 4 3 19 12 0 151.527 -58.715 -1572.15 126.994 136.75 -1538 -14.181 -84.6392 -1544.32 
-7 1557.73 -6.99994 -0 -0 -0.00223008 0.001, -0.000, 1.000, 49.220, -3.206, 0.000,0.992, 0.122, 0.001, 49.220, -0.122, 0.992, -0.000, -3.206, -0.001, 0.000, 1.000, 0.111, 0.000, 0.000, 0.000, 1.000,  122 4 3 19 12 3 152.035 -65.3619 -1575.16 128.151 129.559 -1537.57 -13.6707 -91.2861 -1547.32 
-8 1557.73 -7.99969 -0 -0 -0.00223008 0.001, -0.000, 1.000, 56.185, -4.156, 0.000,0.990, 0.140, 0.001, 56.185, -0.140, 0.990, -0.000, -4.156, -0.001, 0.000, 1.000, 0.132, 0.000, 0.000, 0.000, 1.000,  122 4 3 19 12 6 152.517 -71.9062 -1578.23 129.266 122.421 -1537.3 -13.188 -97.8405 -1550.37 
-9 1557.73 -8.99876 -0 -0 0.00111503 0.001, 0.000, 1.000, 63.175, -5.270, 0.000,0.988, 0.157, 0.001, 63.175, -0.157, 0.988, 0.000, -5.270, -0.001, -0.000, 1.000, 0.136, 0.000, 0.000, 0.000, 1.000,  122 4 3 19 12 9 152.982 -78.4272 -1581.54 130.381 115.23 -1537.14 -12.7352 -104.371 -1553.62 
-10 1557.73 -9.99989 0.000488281 -0 0.0042371 0.001, -0.000, 1.000, 70.083, -6.434, 0.000,0.985, 0.174, 0.001, 70.083, -0.174, 0.985, -0.000, -6.434, -0.001, -0.000, 1.000, 0.159, 0.000, 0.000, 0.000, 1.000,  122 4 3 19 12 12 153.402 -84.8435 -1584.78 131.464 108.094 -1537.12 -12.3157 -110.804 -1556.92 
-11 1557.73 -10.9996 0.000488281 -0 -0.00223008 0.001, 0.000, 1.000, 77.030, -7.771, 0.000,0.981, 0.192, 0.001, 77.030, -0.192, 0.981, 0.000, -7.771, -0.001, -0.001, 1.000, 0.167, 0.000, 0.000, 0.000, 1.000,  122 4 3 19 12 15 153.812 -91.2606 -1588.27 132.538 100.901 -1537.2 -11.9054 -117.216 -1560.33 
-12 1557.73 -11.9987 -0 -0 -0.00312212 0.001, 0.000, 1.000, 83.923, -9.190, 0.000,0.978, 0.209, 0.001, 83.923, -0.209, 0.978, 0.000, -9.190, -0.001, -0.001, 1.000, 0.192, 0.000, 0.000, 0.000, 1.000,  122 4 3 19 12 17 154.18 -97.5896 -1591.81 133.577 93.7288 -1537.38 -11.5425 -123.551 -1563.85 
-13 1557.73 -12.9998 -0.000488281 -0 0.00178405 0.001, 0.000, 1.000, 90.798, -10.717, 0.000,0.974, 0.226, 0.001, 90.799, -0.226, 0.974, 0.000, -10.717, -0.001, -0.001, 1.000, 0.209, 0.000, 0.000, 0.000, 1.000,  122 4 3 19 12 20 154.531 -103.875 -1595.43 134.606 86.5588 -1537.69 -11.1936 -129.838 -1567.51 
-14 1557.73 -13.9996 -0.000488281 -0 0.00178405 0.002, 0.001, 1.000, 97.678, -12.452, 0.000,0.970, 0.243, 0.002, 97.678, -0.243, 0.970, 0.001, -12.452, -0.001, -0.001, 1.000, 0.214, 0.000, 0.000, 0.000, 1.000,  122 4 3 19 12 23 154.852 -110.122 -1599.28 135.619 79.3646 -1538.19 -10.8765 -136.077 -1571.25 
-15 1557.73 -14.9987 -0 -0 -0.000223007 0.002, 0.001, 1.000, 104.487, -14.218, 0.000,0.966, 0.260, 0.002, 104.487, -0.260, 0.966, 0.001, -14.218, -0.001, -0.001, 1.000, 0.235, 0.000, 0.000, 0.000, 1.000,  122 4 3 19 12 26 155.145 -116.266 -1603.1 136.596 72.2047 -1538.77 -10.5838 -142.234 -1575.12 
-16 1557.73 -15.9998 -0 -0 -0.000223007 0.002, 0.001, 1.000, 111.292, -16.161, 0.000,0.961, 0.277, 0.002, 111.293, -0.277, 0.961, 0.001, -16.161, -0.001, -0.001, 1.000, 0.248, 0.000, 0.000, 0.000, 1.000,  122 4 3 19 12 29 155.408 -122.369 -1607.09 137.559 65.028 -1539.53 -10.3209 -148.332 -1579.07 
-17 1557.73 -16.9996 -0.000976562 -0 0.00111503 0.002, 0.001, 1.000, 118.011, -18.182, 0.000,0.956, 0.293, 0.002, 118.011, -0.293, 0.956, 0.001, -18.182, -0.002, -0.001, 1.000, 0.264, 0.000, 0.000, 0.000, 1.000,  122 4 3 19 12 32 155.645 -128.357 -1611.15 138.488 57.9141 -1540.35 -10.087 -154.339 -1583.16 
-18 1557.73 -18 -0 -0 0.00267607 0.002, 0.001, 1.000, 124.766, -20.317, 0.000,0.951, 0.310, 0.002, 124.767, -0.310, 0.951, 0.001, -20.317, -0.002, -0.001, 1.000, 0.285, 0.000, 0.000, 0.000, 1.000,  122 4 3 19 12 34 155.851 -134.346 -1615.35 139.413 50.7365 -1541.26 -9.87231 -160.329 -1587.33 
-19 1557.73 -18.9991 -0 -0 -0.00089203 0.002, 0.001, 1.000, 131.392, -22.581, 0.000,0.945, 0.327, 0.002, 131.392, -0.327, 0.945, 0.001, -22.581, -0.002, -0.001, 1.000, 0.302, 0.000, 0.000, 0.000, 1.000,  122 4 3 19 12 37 156.03 -140.172 -1619.59 140.287 43.6646 -1542.38 -9.69691 -166.17 -1591.58 
-20 1557.73 -19.9988 -0.000488281 -0 0.00289907 0.002, 0.001, 1.000, 138.052, -25.000, 0.000,0.939, 0.343, 0.002, 138.052, -0.343, 0.939, 0.001, -25.000, -0.002, -0.001, 1.000, 0.306, 0.000, 0.000, 0.000, 1.000,  122 4 3 19 12 40 156.186 -146.001 -1624 141.169 36.5455 -1543.63 -9.54656 -171.991 -1595.98 
-21 1557.73 -20.9993 -0 -0 0.00289907 0.002, 0.001, 1.000, 144.640, -27.525, 0.000,0.933, 0.360, 0.002, 144.641, -0.360, 0.933, 0.001, -27.525, -0.002, -0.002, 1.000, 0.314, 0.000, 0.000, 0.000, 1.000,  122 4 3 19 12 43 156.321 -151.727 -1628.54 142.007 29.4712 -1544.95 -9.42241 -177.726 -1600.48 
-22 1557.73 -21.9983 -0.000488281 -0 0.00267607 0.002, 0.001, 1.000, 151.177, -30.101, 0.000,0.927, 0.376, 0.002, 151.177, -0.376, 0.927, 0.001, -30.101, -0.002, -0.001, 1.000, 0.330, 0.000, 0.000, 0.000, 1.000,  122 4 3 19 12 46 156.417 -157.371 -1633.06 142.836 22.4203 -1546.38 -9.32716 -183.379 -1605.04 
-23 1557.73 -22.9995 -0 -0 -0.000446015 0.003, 0.001, 1.000, 157.689, -32.809, 0.000,0.920, 0.392, 0.003, 157.690, -0.392, 0.920, 0.001, -32.809, -0.002, -0.002, 1.000, 0.352, 0.000, 0.000, 0.000, 1.000,  122 4 3 19 12 49 156.49 -162.952 -1637.75 143.623 15.3641 -1547.9 -9.25598 -188.968 -1609.72 
-24 1557.73 -23.9992 -0 -0 -0.00200707 0.003, 0.001, 1.000, 164.150, -35.712, 0.000,0.913, 0.409, 0.003, 164.151, -0.409, 0.913, 0.001, -35.712, -0.002, -0.002, 1.000, 0.349, 0.000, 0.000, 0.000, 1.000,  122 4 3 19 12 51 156.54 -168.449 -1642.61 144.4 8.34852 -1549.64 -9.21313 -194.473 -1614.51 
-25 1557.73 -24.9983 -0 -0 -0.000446015 0.003, 0.001, 1.000, 170.557, -38.644, 0.000,0.905, 0.425, 0.003, 170.558, -0.425, 0.905, 0.001, -38.644, -0.003, -0.002, 1.000, 0.370, 0.000, 0.000, 0.000, 1.000,  122 4 3 19 12 54 156.546 -173.872 -1647.46 145.151 1.362 -1551.42 -9.19993 -199.896 -1619.34 
-26 1557.73 -25.9994 0.000488281 -0 -0.00223008 0.003, 0.000, 1.000, 176.884, -41.693, 0.000,0.898, 0.440, 0.003, 176.886, -0.440, 0.898, 0.000, -41.693, -0.003, -0.002, 1.000, 0.382, 0.000, 0.000, 0.000, 1.000,  122 4 3 19 12 57 156.54 -179.178 -1652.38 145.867 -5.5719 -1553.35 -9.22004 -205.219 -1624.35 
-27 1557.73 -26.9999 -0.000488281 -0 0.000223007 0.003, 0.000, 1.000, 183.205, -44.866, 0.000,0.890, 0.456, 0.003, 183.206, -0.456, 0.890, 0.000, -44.865, -0.003, -0.002, 1.000, 0.396, 0.000, 0.000, 0.000, 1.000,  122 4 3 19 13 0 156.502 -184.448 -1657.47 146.567 -12.5181 -1555.36 -9.25747 -210.488 -1629.43 
-28 1557.73 -27.9982 -0 -0 0.00156104 0.004, 0.000, 1.000, 189.396, -48.144, 0.000,0.882, 0.472, 0.004, 189.397, -0.472, 0.882, 0.000, -48.144, -0.003, -0.002, 1.000, 0.403, 0.000, 0.000, 0.000, 1.000,  122 4 3 19 13 3 156.436 -189.555 -1662.61 147.234 -19.3603 -1557.51 -9.32978 -215.617 -1634.55 
-29 1557.73 -28.9994 -0 -0 -0.000669023 0.004, -0.000, 1.000, 195.624, -51.569, 0.000,0.873, 0.487, 0.004, 195.626, -0.487, 0.873, -0.000, -51.569, -0.003, -0.002, 1.000, 0.413, 0.000, 0.000, 0.000, 1.000,  122 4 3 19 13 6 156.342 -194.67 -1667.86 147.884 -26.2562 -1559.84 -9.43212 -220.718 -1639.84 
-30 1557.73 -29.9998 -0.000976562 -0 0.00379109 0.004, -0.000, 1.000, 201.721, -55.028, 0.000,0.864, 0.503, 0.004, 201.723, -0.503, 0.864, -0.000, -55.028, -0.003, -0.002, 1.000, 0.433, 0.000, 0.000, 0.000, 1.000,  122 4 3 19 13 8 156.216 -199.631 -1673.14 148.501 -33.0473 -1562.19 -9.56206 -225.691 -1645.13 
-30 1557.73 -29.9998 0.000488281 -0 0.00245307 0.004, -0.000, 1.000, 201.721, -55.020, 0.000,0.864, 0.503, 0.004, 201.722, -0.503, 0.864, -0.000, -55.020, -0.003, -0.002, 1.000, 0.435, 0.000, 0.000, 0.000, 1.000,  122 4 3 19 13 14 156.214 -199.631 -1673.14 148.5 -33.0481 -1562.18 -9.56207 -225.691 -1645.13 
-29 1557.73 -28.9994 -0 -0 -0.000669023 0.004, -0.000, 1.000, 195.621, -51.560, 0.000,0.873, 0.487, 0.004, 195.622, -0.487, 0.873, -0.000, -51.560, -0.003, -0.002, 1.000, 0.415, 0.000, 0.000, 0.000, 1.000,  122 4 3 19 13 20 156.34 -194.669 -1667.85 147.885 -26.2513 -1559.84 -9.43154 -220.717 -1639.84 
-28 1557.73 -27.9996 -0.000488281 -0 -0.000223007 0.004, 0.000, 1.000, 189.397, -48.145, 0.000,0.882, 0.472, 0.004, 189.398, -0.472, 0.882, 0.000, -48.145, -0.003, -0.002, 1.000, 0.406, 0.000, 0.000, 0.000, 1.000,  122 4 3 19 13 27 156.433 -189.559 -1662.62 147.231 -19.359 -1557.51 -9.32986 -215.614 -1634.53 
-27 1557.73 -26.9999 -0 -0 -0.00178406 0.003, 0.000, 1.000, 183.197, -44.853, 0.000,0.890, 0.456, 0.003, 183.198, -0.456, 0.890, 0.000, -44.853, -0.003, -0.002, 1.000, 0.397, 0.000, 0.000, 0.000, 1.000,  122 4 3 19 13 33 156.502 -184.44 -1657.46 146.567 -12.5118 -1555.35 -9.26005 -210.482 -1629.43 
-26 1557.73 -25.9994 -0 -0 0.000446014 0.003, 0.000, 1.000, 176.878, -41.690, 0.000,0.898, 0.440, 0.003, 176.879, -0.440, 0.898, 0.000, -41.690, -0.003, -0.002, 1.000, 0.382, 0.000, 0.000, 0.000, 1.000,  122 4 3 19 13 39 156.536 -179.172 -1652.37 145.87 -5.56417 -1553.35 -9.21851 -205.216 -1624.35 
-25 1557.73 -24.999 -0 -0 -0.000446015 0.003, 0.001, 1.000, 170.558, -38.648, 0.000,0.905, 0.425, 0.003, 170.559, -0.425, 0.905, 0.001, -38.647, -0.003, -0.002, 1.000, 0.370, 0.000, 0.000, 0.000, 1.000,  122 4 3 19 13 45 156.546 -173.874 -1647.46 145.148 1.36258 -1551.42 -9.2004 -199.898 -1619.36 
-24 1557.73 -23.9999 -0 -0 0.0042371 0.003, 0.001, 1.000, 164.147, -35.715, 0.000,0.913, 0.409, 0.003, 164.148, -0.409, 0.913, 0.001, -35.715, -0.002, -0.002, 1.000, 0.345, 0.000, 0.000, 0.000, 1.000,  122 4 3 19 13 51 156.544 -168.449 -1642.6 144.403 8.35579 -1549.65 -9.21481 -194.468 -1614.53 
-23 1557.73 -22.9995 0.000488281 -0 0.0042371 0.003, 0.001, 1.000, 157.681, -32.812, 0.000,0.920, 0.392, 0.003, 157.682, -0.392, 0.920, 0.001, -32.812, -0.002, -0.002, 1.000, 0.351, 0.000, 0.000, 0.000, 1.000,  122 4 3 19 13 57 156.487 -162.945 -1637.75 143.624 15.3735 -1547.9 -9.25512 -188.963 -1609.71 
-22 1557.73 -21.9997 -0.000488281 -0 -0.00602127 0.002, 0.001, 1.000, 151.174, -30.100, 0.000,0.927, 0.376, 0.002, 151.175, -0.376, 0.927, 0.001, -30.100, -0.002, -0.001, 1.000, 0.332, 0.000, 0.000, 0.000, 1.000,  122 4 3 19 14 3 156.414 -157.366 -1633.05 142.834 22.4197 -1546.39 -9.33051 -183.378 -1605.04 
